<svg
   width="3.5in"
   height="3.5in"
   viewBox="0 0 336 336"
   version="1.1"
   id="svg1"
   xml:space="preserve"
   xmlns="http://www.w3.org/2000/svg"
   xmlns:svg="http://www.w3.org/2000/svg"><defs
     id="defs1" /><path
     style="fill:#000000"
     d="m 157.24999,332.52227 c -3.5475,-0.32017 -3.49519,-0.53396 1.52835,-6.2464 l 4.37362,-4.97339 3.99672,-6.8e-4 c 3.25635,-5.6e-4 4.03321,0.0944 4.19377,0.51286 0.17981,0.46857 -5.58972,8.58944 -7.36044,10.36016 -0.70077,0.70077 -2.0472,0.77026 -6.73202,0.34745 z m 13.11081,0.12496 c -0.13993,-0.14536 -0.25443,-0.47142 -0.25443,-0.72457 0,-0.45426 6.95676,-10.24143 7.58873,-10.67626 0.37472,-0.25783 2.05339,-0.50766 5.55086,-0.82611 2.05494,-0.1871 2.48677,-0.13678 2.65813,0.30977 0.24871,0.64812 -6.07306,11.25985 -6.91427,11.6063 -0.84698,0.34883 -8.33285,0.61851 -8.62902,0.31087 z m 15.60287,-1.02973 c -0.13875,-0.13876 -0.25228,-0.46069 -0.25228,-0.71542 0,-0.57872 5.98547,-10.77456 6.64799,-11.32441 0.48716,-0.4043 5.77508,-1.63048 7.13973,-1.65558 0.39984,-0.007 0.81731,0.22199 0.9277,0.50966 0.31794,0.82853 -5.40895,11.99118 -6.32676,12.33191 -0.41567,0.15431 -1.74804,0.3824 -2.96083,0.50687 -1.21278,0.12446 -2.81665,0.31021 -3.56416,0.41278 -0.74751,0.10256 -1.47263,0.0729 -1.61139,-0.0658 z m -42.65722,-0.52766 c -1.0262,-0.16931 -2.36195,-0.38708 -2.96834,-0.48393 -2.13259,-0.34058 -1.53632,-1.35773 3.4845,-5.94404 2.52287,-2.30453 4.77457,-4.28649 5.00378,-4.40435 0.51223,-0.2634 7.03836,0.42912 7.62559,0.80918 0.23323,0.15095 0.42405,0.42165 0.42405,0.60157 0,0.29541 -6.14042,7.18179 -8.06676,9.04674 -0.86686,0.83923 -2.15601,0.92704 -5.50282,0.37483 z m 57.81513,-2.43846 c -0.20985,-0.54686 4.74822,-11.36694 5.55862,-12.13068 0.70301,-0.66252 6.72539,-2.46358 7.38779,-2.2094 0.26332,0.10105 0.47876,0.39915 0.47876,0.66244 0,0.48694 -3.31275,9.79649 -4.09312,11.50258 -0.45609,0.99711 -0.91728,1.17898 -5.34295,2.10695 -3.04168,0.63777 -3.76576,0.65013 -3.9891,0.0681 z m -73.42015,-0.6903 c -1.58594,-0.40026 -3.07436,-0.85024 -3.30758,-0.99996 -0.98239,-0.63065 -0.28517,-1.53539 3.22277,-4.18198 2.00576,-1.51326 4.35661,-3.31296 5.22412,-3.99934 l 1.5773,-1.24797 3.67606,0.70941 c 2.02183,0.39017 3.80706,0.8404 3.96716,1.0005 0.60581,0.60582 -0.0699,1.41424 -4.52188,5.40993 -5.22094,4.68584 -4.86223,4.56517 -9.83795,3.30941 z m 88.60295,-3.02394 c -0.26476,-0.31902 0.22517,-2.05832 1.83951,-6.53036 1.21022,-3.35253 2.38436,-6.27358 2.60921,-6.49121 0.22485,-0.21763 1.84877,-0.9476 3.60871,-1.62215 4.50516,-1.72676 4.46854,-1.81009 2.4698,5.62009 -0.88335,3.28381 -1.80663,6.21221 -2.05174,6.50754 -0.35862,0.43211 -7.10381,2.95093 -7.90235,2.95093 -0.11674,0 -0.37465,-0.19567 -0.57314,-0.43484 z m -103.52949,-1.53843 c -2.87395,-1.00814 -3.56201,-1.37695 -3.56201,-1.9093 0,-0.48229 1.49313,-1.61314 5.5499,-4.2033 l 5.5499,-3.5435 3.43994,0.9422 c 3.55604,0.974 4.50638,1.48715 4.20563,2.27091 -0.30728,0.80075 -10.09009,7.73914 -10.87799,7.71513 -0.40884,-0.0125 -2.34626,-0.58492 -4.30537,-1.27214 z m 118.13772,-3.87861 c -0.43021,-0.53663 2.57579,-12.57007 3.31383,-13.26568 0.98069,-0.92433 5.86555,-3.30592 6.57295,-3.20461 0.53065,0.076 0.70188,0.32292 0.65907,0.95043 -0.10798,1.58296 -1.82681,11.3604 -2.12052,12.06243 -0.19062,0.45563 -1.54766,1.25127 -3.90555,2.28986 -3.99499,1.75969 -4.03649,1.77041 -4.51978,1.16757 z M 98.272404,317.56604 c -4.891427,-2.34275 -4.890602,-2.34484 2.344576,-5.9311 3.20199,-1.58713 6.06432,-2.87795 6.36074,-2.86849 0.29643,0.009 1.98921,0.60338 3.76174,1.31983 2.42385,0.97971 3.22277,1.45668 3.22277,1.92404 0,0.79083 -10.11764,7.21887 -11.36452,7.22022 -0.46646,5e-4 -2.41284,-0.74852 -4.325306,-1.6645 z M 244.84241,312.6001 c -0.29576,-0.77073 1.54081,-12.34137 2.09201,-13.17994 0.24528,-0.37316 1.7603,-1.49829 3.36671,-2.50027 2.40862,-1.50236 3.0094,-1.74822 3.42637,-1.40216 0.34651,0.28757 0.45246,0.80751 0.33669,1.65217 -0.0929,0.6779 -0.31205,3.4488 -0.48696,6.15757 -0.17492,2.70877 -0.41343,5.17366 -0.53004,5.47754 -0.11662,0.30389 -1.15586,1.05217 -2.30944,1.66286 -1.15359,0.61069 -2.66686,1.4661 -3.36283,1.90092 -1.4921,0.9322 -2.23743,1.00027 -2.53251,0.23131 z M 84.702823,310.40285 c -3.557572,-2.11798 -4.199205,-2.93953 -2.856864,-3.65793 1.144945,-0.61275 11.491534,-4.44137 11.968719,-4.42886 0.259414,0.007 1.845582,0.73192 3.524817,1.61139 4.497945,2.3557 4.445665,2.47066 -2.65714,5.84258 -3.140664,1.49097 -5.888504,2.70907 -6.106312,2.7069 -0.217808,-0.002 -1.960757,-0.93551 -3.87322,-2.07408 z m 173.454287,-5.69523 c -0.19866,-0.32143 0.40027,-11.89263 0.67754,-13.08997 0.19043,-0.8223 5.40061,-4.91897 6.256,-4.91897 0.33477,0 0.70134,0.24147 0.8146,0.5366 0.11325,0.29513 0.20591,3.33546 0.20591,6.75629 v 6.21968 l -1.27215,0.99092 c -2.32342,1.80981 -5.46839,3.81544 -5.98287,3.81544 -0.27909,0 -0.59366,-0.13949 -0.69903,-0.30999 z M 71.726911,301.97167 c -4.703741,-3.40744 -4.726416,-3.36733 3.184325,-5.63373 l 6.4071,-1.83561 3.171606,1.95005 c 3.271668,2.01158 3.85933,2.63724 3.108882,3.30987 -0.46222,0.41429 -11.731646,4.58971 -12.309898,4.56092 -0.186582,-0.009 -1.789488,-1.06746 -3.562015,-2.3515 z M 270.6261,295.4341 c -0.15094,-0.23323 -0.32369,-3.40729 -0.38387,-7.05347 l -0.10943,-6.62942 2.77476,-2.50546 c 3.05143,-2.75528 3.78763,-2.87577 3.99979,-0.65461 0.0606,0.63422 0.38549,3.34484 0.72203,6.0236 0.33654,2.67876 0.53573,5.16173 0.44263,5.51772 -0.19596,0.74937 -6.03092,5.72568 -6.71362,5.72568 -0.25181,0 -0.58134,-0.19082 -0.73229,-0.42404 z M 59.520099,292.21132 c -4.376972,-3.73477 -4.411978,-3.68055 3.386585,-5.24532 4.649277,-0.93287 6.479202,-1.17408 7.060188,-0.93063 1.086393,0.45523 5.495817,4.01101 5.729676,4.62043 0.10523,0.27423 0.02905,0.66087 -0.169289,0.85921 -0.368263,0.36827 -11.302905,3.30695 -12.349225,3.31885 -0.317212,0.004 -1.963283,-1.17653 -3.657935,-2.62254 z m 222.550471,-7.63289 c -0.17025,-0.41981 -0.62971,-3.41752 -1.02101,-6.66158 -0.58398,-4.84135 -0.63359,-6.00532 -0.27685,-6.49559 1.17961,-1.62116 4.2229,-5.04629 4.64702,-5.23009 0.26443,-0.11459 0.63843,-0.0507 0.83111,0.14199 0.33798,0.33798 2.92708,11.48376 2.92811,12.60515 7.3e-4,0.80557 -5.37592,6.40341 -6.1504,6.40341 -0.35664,0 -0.78773,-0.34348 -0.95798,-0.76329 z m -233.7041,-3.00487 c -1.42526,-1.51274 -2.722478,-2.9791 -2.882705,-3.25857 -0.579449,-1.01071 0.551421,-1.34993 5.888775,-1.76644 2.892017,-0.22568 5.828516,-0.49592 6.525554,-0.60052 1.212721,-0.182 1.384512,-0.0762 3.986064,2.45552 2.912049,2.83385 3.300462,3.70952 1.785814,4.02609 -1.693356,0.35392 -11.571229,1.89436 -12.147367,1.89436 -0.310613,0 -1.730874,-1.2377 -3.156135,-2.75044 z m 244.39548,-8.07208 c -0.23218,-0.37567 -2.90402,-12.04482 -2.90402,-12.68316 0,-0.25206 0.93996,-1.78334 2.0888,-3.40285 1.96201,-2.76582 2.95084,-3.50786 3.49697,-2.62421 0.39067,0.63212 3.67187,11.73569 3.64324,12.32875 -0.0454,0.94075 -4.77807,6.68757 -5.5074,6.68757 -0.34563,0 -0.71355,-0.13775 -0.81759,-0.3061 z M 40.262021,272.19619 c -1.532824,-1.3597 -4.842841,-6.11191 -4.634762,-6.65416 0.18711,-0.4876 1.02597,-0.55468 6.936165,-0.55468 h 6.723314 l 2.569479,2.88798 c 1.413213,1.58839 2.569478,3.01995 2.569478,3.18124 0,0.74085 -1.19589,1.02063 -5.830642,1.36407 -6.721029,0.49804 -7.543521,0.47589 -8.333032,-0.22445 z M 302.15471,261.1709 c -0.43007,-0.53931 -4.23969,-12.40559 -4.09407,-12.75228 0.0598,-0.14226 0.85691,-1.57908 1.77144,-3.19292 1.70393,-3.00687 2.40219,-3.661 3.09035,-2.89506 0.60669,0.67527 4.91519,10.99505 4.91519,11.77293 0,0.92309 -4.27175,7.49138 -4.87209,7.49138 -0.25997,0 -0.62483,-0.19082 -0.81082,-0.42405 z M 32.605288,260.32866 c -1.22546,-0.12715 -1.415778,-0.31845 -3.477205,-3.4951 -2.149175,-3.31188 -2.589972,-4.51998 -1.75674,-4.81473 0.307836,-0.1089 12.863774,1.21133 13.386578,1.40756 0.460892,0.173 4.406123,6.34392 4.274734,6.68632 -0.141989,0.37001 -1.292453,0.45292 -5.654604,0.4075 -3.011991,-0.0314 -6.059734,-0.11756 -6.772763,-0.19155 z M 29.66121,247.82947 c -1.959108,-0.24654 -4.214504,-0.54221 -5.011991,-0.65705 l -1.449976,-0.2088 -1.85761,-3.70397 c -1.83795,-3.66477 -2.119385,-4.53116 -1.580142,-4.86443 0.429293,-0.26532 12.837376,2.32719 13.409066,2.80165 0.784835,0.65136 3.999567,6.4802 3.774666,6.84409 -0.260509,0.42152 -2.851808,0.34628 -7.284013,-0.21149 z m 280.65966,0.12564 c -0.49305,-0.63999 -5.19716,-11.56031 -5.19716,-12.0649 0,-0.23528 0.68181,-1.88683 1.51514,-3.67011 2.10487,-4.5043 2.16732,-4.47678 5.99584,2.64185 l 3.0464,5.66437 -1.97111,3.83433 c -1.90804,3.71166 -2.67343,4.52343 -3.38911,3.59446 z M 22.36756,234.22012 c -2.985308,-0.65989 -5.605927,-1.34292 -5.823598,-1.51784 -0.444523,-0.35724 -3.166249,-7.19615 -3.166249,-7.95588 0,-0.269 0.232165,-0.57818 0.515923,-0.68707 0.481625,-0.18481 11.008953,2.87497 12.577139,3.65557 0.706695,0.35177 3.529674,6.12674 3.529674,7.22066 0,0.79267 -1.406715,0.66081 -7.632889,-0.71544 z m 118.65429,-0.18838 c 0.0895,-0.23323 0.36387,-1.32325 0.60979,-2.42227 l 0.44712,-1.99822 -1.76756,-1.5638 c -0.97216,-0.86008 -1.76453,-1.65621 -1.76083,-1.76916 0.004,-0.11296 1.00523,-0.29862 2.22562,-0.41258 1.22039,-0.11396 2.34549,-0.28545 2.50024,-0.38109 0.15474,-0.0956 0.6251,-1.09307 1.04524,-2.21653 0.42015,-1.12345 0.88077,-2.04264 1.02361,-2.04264 0.14284,0 0.67401,0.97481 1.18038,2.16625 0.84923,1.99817 1.0167,2.18214 2.15841,2.37094 0.68077,0.11258 1.81022,0.20638 2.5099,0.20843 0.69968,0.002 1.27215,0.15639 1.27215,0.34297 0,0.18658 -0.11449,0.3453 -0.25443,0.35271 -0.13994,0.007 -0.96521,0.66801 -1.83394,1.468 l -1.5795,1.45453 0.49256,2.13208 c 0.2709,1.17265 0.44738,2.2668 0.39216,2.43144 -0.0552,0.16465 -0.98581,-0.23412 -2.068,-0.88616 -1.08219,-0.65204 -2.11866,-1.18553 -2.30325,-1.18553 -0.1846,0 -1.12903,0.53431 -2.09873,1.18734 -1.86063,1.25302 -2.45873,1.46139 -2.19094,0.76329 z m 23.99593,0.049 c 0,-0.2063 0.24123,-1.30603 0.53607,-2.44385 l 0.53607,-2.06877 -1.6386,-1.44437 c -0.90123,-0.7944 -1.75309,-1.45024 -1.89303,-1.4574 -0.13993,-0.007 -0.25443,-0.1657 -0.25443,-0.35228 0,-0.18658 0.57247,-0.34092 1.27215,-0.34297 0.69968,-0.002 1.83432,-0.0967 2.52141,-0.21029 1.14373,-0.18911 1.31296,-0.36789 2.00352,-2.11652 0.41485,-1.05047 0.87807,-2.04993 1.02939,-2.22101 0.15191,-0.17174 0.71949,0.67933 1.26728,1.90027 0.92696,2.06601 1.07818,2.22554 2.30109,2.42757 0.71991,0.11894 1.80507,0.21793 2.41146,0.21998 0.60639,0.002 1.10555,0.11823 1.10925,0.25816 0.004,0.13994 -0.78714,0.95679 -1.75742,1.81524 l -1.76416,1.5608 0.57049,2.31178 c 0.31377,1.27148 0.50664,2.37563 0.42859,2.45368 -0.078,0.078 -0.99713,-0.4052 -2.04242,-1.07386 -1.04529,-0.66867 -2.04726,-1.21576 -2.2266,-1.21576 -0.17933,0 -1.16131,0.53431 -2.18217,1.18734 -2.02756,1.29702 -2.22794,1.37007 -2.22794,0.81226 z m 24.97753,-0.72745 c 0.10785,-0.60639 0.34456,-1.69599 0.52602,-2.42134 0.32623,-1.30398 0.31057,-1.33575 -1.3919,-2.82503 -0.94701,-0.82842 -1.72184,-1.64704 -1.72184,-1.81916 0,-0.17211 0.49614,-0.31461 1.10253,-0.31666 0.60639,-0.002 1.66642,-0.097 2.35563,-0.21092 1.15643,-0.1912 1.32581,-0.37409 2.19573,-2.37094 0.51845,-1.19007 1.03726,-2.16376 1.1529,-2.16376 0.11564,0 0.58401,0.95368 1.04081,2.1193 0.91439,2.33325 1.21703,2.50939 4.44983,2.58992 0.88627,0.0221 1.61139,0.19279 1.61139,0.37937 0,0.18658 -0.11449,0.3453 -0.25443,0.35271 -0.13994,0.007 -0.96624,0.66895 -1.83624,1.47008 l -1.5818,1.45661 0.48476,2.31261 c 0.26662,1.27194 0.40827,2.38911 0.31477,2.4826 -0.0935,0.0935 -1.00956,-0.38745 -2.0357,-1.06877 -1.02614,-0.68132 -1.98963,-1.23877 -2.14108,-1.23877 -0.15145,0 -1.10791,0.5304 -2.12547,1.17866 -1.01755,0.64826 -1.96077,1.18256 -2.09604,1.18734 -0.13527,0.005 -0.15771,-0.48746 -0.0499,-1.09385 z m 127.48474,0.84259 c -0.52827,-0.36012 -6.58927,-11.18266 -6.58927,-11.76582 0,-0.75327 2.0716,-6.40578 2.52854,-6.89931 0.64998,-0.70202 1.2673,-0.18206 3.06654,2.5829 0.93161,1.43163 2.49635,3.74685 3.47721,5.14492 0.98085,1.39808 1.77871,2.772 1.77302,3.05316 -0.0157,0.77609 -3.17519,7.90631 -3.55697,8.02726 -0.18366,0.0582 -0.49825,-0.006 -0.69907,-0.14311 z M 16.999934,220.24216 c -3.138776,-1.0669 -5.828009,-2.13584 -5.976073,-2.37541 -0.148063,-0.23957 -0.763527,-2.11753 -1.3676956,-4.17325 -0.9792593,-3.33198 -1.0429362,-3.79321 -0.5866686,-4.24948 0.4562676,-0.45627 0.9479812,-0.32616 4.5302652,1.19869 2.210145,0.94078 4.857681,2.04019 5.883415,2.44313 1.025734,0.40295 2.022317,0.86322 2.214631,1.02282 0.590628,0.49018 2.673462,6.94661 2.438495,7.55893 -0.121479,0.31657 -0.492813,0.56181 -0.825187,0.54499 -0.332374,-0.0168 -3.172406,-0.90351 -6.311182,-1.97042 z m 305.704286,-0.79772 c -0.29087,-0.23323 -2.09391,-2.73341 -4.00676,-5.55597 l -3.4779,-5.13192 0.87905,-3.66229 c 0.48348,-2.01425 1.06728,-3.77861 1.29734,-3.92079 0.61777,-0.38181 1.0672,-0.0224 3.01644,2.41219 0.9707,1.21241 2.73658,3.3717 3.92416,4.7984 1.18759,1.42671 2.15925,2.81599 2.15925,3.08729 0,0.74764 -2.08302,7.48861 -2.46375,7.97309 -0.18329,0.23323 -0.43803,0.42405 -0.56611,0.42405 -0.12807,0 -0.47085,-0.19082 -0.76172,-0.42405 z m -185.10234,-6.40209 c -2.75397,-0.50812 -4.62219,-2.09331 -5.9496,-5.04824 -1.09328,-2.43376 -1.37817,-4.81259 -0.89527,-7.47562 1.19287,-6.57831 6.36149,-10.10411 11.36455,-7.75239 1.59702,0.75069 2.54185,0.67793 2.54185,-0.19574 0,-0.28573 0.15266,-0.51951 0.33924,-0.51951 0.20462,0 0.33924,1.4135 0.33924,3.56201 0,1.95911 -0.0554,3.56202 -0.12305,3.56202 -0.0677,0 -0.5966,-0.95411 -1.17539,-2.12025 -1.38082,-2.78207 -2.82506,-3.8056 -5.02066,-3.55813 -2.96346,0.33403 -4.30647,3.22113 -4.29385,9.23063 0.009,4.39281 0.43233,6.21105 1.81065,7.78087 1.20227,1.36931 2.27335,1.69794 4.00992,1.23033 l 1.28851,-0.34696 0.0744,-2.06066 c 0.0837,-2.31937 -0.46162,-4.38876 -1.15651,-4.38876 -0.25439,0 -0.55688,-0.15266 -0.67219,-0.33924 -0.13472,-0.21798 1.07073,-0.33924 3.37237,-0.33924 2.16186,0 3.58204,0.1345 3.58204,0.33924 0,0.18658 -0.23277,0.33924 -0.51726,0.33924 -0.77412,0 -1.17894,1.44949 -1.17894,4.22122 v 2.48085 l -1.95063,0.69381 c -2.4423,0.8687 -3.92298,1.04888 -5.78938,0.70452 z m -20.07763,-7.62145 c -2.51886,-4.19865 -4.7657,-7.8941 -4.993,-8.21211 -0.33056,-0.46251 -0.41542,0.75925 -0.42405,6.10581 -0.0115,7.15243 0.19426,8.28039 1.57395,8.62667 1.63513,0.41039 0.69422,0.80319 -1.92397,0.80319 -2.62808,0 -3.55787,-0.39311 -1.90877,-0.80701 1.44129,-0.36174 1.62663,-1.55288 1.50885,-9.69674 l -0.10894,-7.53279 -1.10253,-0.98451 c -0.60639,-0.54149 -1.10253,-1.06917 -1.10253,-1.17264 0,-0.10347 1.24016,-0.14378 2.75591,-0.0896 l 2.75592,0.0985 3.33588,5.59745 c 1.83473,3.0786 3.48609,5.82644 3.66968,6.10631 0.43893,0.6691 0.49652,-8.7923 0.0605,-9.93911 -0.17227,-0.45309 -0.63024,-0.90671 -1.01772,-1.00804 -0.38748,-0.10133 -0.70451,-0.35118 -0.70451,-0.55523 0,-0.23317 0.8822,-0.371 2.37468,-0.371 2.53289,0 2.88458,0.26635 1.52658,1.15614 l -0.8481,0.5557 v 9.49088 c 0,7.37426 -0.0946,9.48767 -0.42405,9.47644 -0.23323,-0.008 -2.48493,-3.4497 -5.00378,-7.64835 z m 55.97452,-0.51683 -4.91897,-8.16192 -0.0918,7.03376 c -0.0808,6.18659 -0.0234,7.10942 0.47663,7.66192 0.31266,0.34548 0.76479,0.62815 1.00473,0.62815 0.23994,0 0.53061,0.15266 0.64592,0.33924 0.13315,0.21544 -0.78803,0.33924 -2.52427,0.33924 -1.59647,0 -2.73394,-0.14114 -2.73394,-0.33924 0,-0.18658 0.31311,-0.33924 0.69579,-0.33924 0.48087,0 0.85673,-0.38517 1.21682,-1.24701 0.42805,-1.02445 0.50064,-2.57338 0.40674,-8.67862 l -0.11429,-7.4316 -1.10253,-0.98493 c -0.60639,-0.54171 -1.10253,-1.06341 -1.10253,-1.15933 0,-0.0959 1.18311,-0.1744 2.62912,-0.1744 h 2.62912 l 3.54662,5.95958 c 1.95064,3.27776 3.6526,6.02508 3.78214,6.10514 0.34406,0.21264 0.28875,-9.04339 -0.0594,-9.94723 -0.16231,-0.42133 -0.68122,-0.94197 -1.15312,-1.15698 -1.46788,-0.66881 -0.95577,-0.96051 1.68628,-0.96051 2.60928,0 3.15413,0.29172 1.74446,0.934 -0.50192,0.22869 -0.881,0.77022 -1.01772,1.45382 -0.11983,0.59916 -0.21788,4.96308 -0.21788,9.69759 0,4.73451 -0.11449,8.60422 -0.25443,8.59934 -0.13993,-0.005 -2.46797,-3.68171 -5.1734,-8.17077 z m -83.792164,7.50115 c 0,-0.18658 0.299945,-0.33924 0.666543,-0.33924 1.220807,0 1.368894,-1.03782 1.368894,-9.59344 0,-7.59176 -0.05164,-8.32783 -0.620381,-8.84253 -0.341209,-0.3088 -0.799183,-0.56144 -1.017718,-0.56144 -0.218536,0 -0.397338,-0.15266 -0.397338,-0.33924 0,-0.21394 2.318137,-0.33924 6.275931,-0.33924 h 6.275933 l -0.023,3.13796 c -0.018,2.46151 -0.0968,2.95514 -0.36539,2.28987 -1.38533,-3.431 -2.122768,-4.05761 -4.785054,-4.06587 l -1.611388,-0.005 v 4.07087 c 0,3.44821 0.08031,4.07088 0.525058,4.07088 0.914114,0 2.103631,-1.64158 2.342172,-3.23229 0.469182,-3.12873 0.864405,-1.4182 0.864405,3.74115 0,3.27931 -0.127671,5.25821 -0.33924,5.25821 -0.186581,0 -0.339239,-0.31022 -0.339239,-0.68938 0,-0.90584 -0.932895,-3.11747 -1.454926,-3.44922 -0.225991,-0.14362 -0.682887,-0.26346 -1.015327,-0.26632 -0.551124,-0.005 -0.596005,0.34637 -0.508859,3.98087 l 0.09558,3.98606 1.580789,0.10215 c 2.634047,0.17021 3.885669,-0.5862 5.063259,-3.05992 l 1.01435,-2.13082 -0.20442,2.5443 c -0.36304,4.51862 0.40489,4.07087 -6.981895,4.07087 -4.046357,0 -6.408775,-0.12505 -6.408775,-0.33924 z m 62.420074,0 c 0,-0.18658 0.28662,-0.33924 0.63694,-0.33924 1.43522,0 1.56438,-0.71257 1.64065,-9.05184 0.0399,-4.36179 -0.0692,-8.30332 -0.24243,-8.75896 -0.17468,-0.45943 -0.69807,-0.92457 -1.17506,-1.04429 -0.47306,-0.11873 -0.8601,-0.35198 -0.8601,-0.51834 0,-0.42128 7.71102,-0.38571 7.97213,0.0368 0.11531,0.18658 -0.0283,0.33924 -0.31922,0.33924 -0.29088,0 -0.8342,0.30531 -1.20736,0.67848 -0.64167,0.64166 -0.67664,1.10642 -0.64466,8.5658 0.0186,4.33802 0.13978,8.26816 0.2693,8.73363 0.12952,0.46548 0.53411,0.9001 0.89909,0.96584 0.36499,0.0657 0.80863,0.25736 0.98589,0.42583 0.19267,0.18313 -1.34212,0.30631 -3.81645,0.30631 -2.53299,0 -4.13872,-0.13162 -4.13872,-0.33924 z m 34.26319,0 c 0,-0.18658 0.29995,-0.33924 0.66654,-0.33924 1.22417,0 1.3689,-1.03342 1.3689,-9.77449 v -8.46213 l -1.01772,-0.42155 c -0.55975,-0.23186 -1.01772,-0.55569 -1.01772,-0.71964 0,-0.16394 2.82417,-0.29808 6.27593,-0.29808 h 6.27593 l -0.023,3.13796 c -0.023,3.1507 -0.0678,3.17869 -1.02086,0.63836 -0.56897,-1.51657 -2.10586,-2.4165 -4.12958,-2.41809 l -1.61139,-0.001 v 4.07087 c 0,2.65517 0.12573,4.07088 0.36154,4.07088 1.30513,0 2.69162,-2.00399 2.69162,-3.89036 0,-0.47245 0.15266,-0.859 0.33924,-0.859 0.21157,0 0.33924,1.9789 0.33924,5.25822 0,3.27931 -0.12767,5.25821 -0.33924,5.25821 -0.18658,0 -0.34009,-0.19082 -0.34113,-0.42405 -0.004,-0.91641 -0.7294,-2.97269 -1.22247,-3.46576 -0.28616,-0.28617 -0.81471,-0.52031 -1.17455,-0.52031 -0.60592,0 -0.65386,0.26939 -0.64905,3.64683 0.003,2.00575 0.13853,3.85735 0.30151,4.11465 0.45342,0.71589 3.26403,0.53505 4.60964,-0.29659 0.78085,-0.48259 1.37291,-1.27799 1.90268,-2.55616 0.423,-1.02056 0.90395,-1.85557 1.06877,-1.85557 0.16482,0 0.22259,0.26715 0.12838,0.59367 -0.0942,0.32652 -0.27509,1.77677 -0.40195,3.22277 l -0.23067,2.62911 h -6.57531 c -4.15739,0 -6.57532,-0.12475 -6.57532,-0.33924 z m 19.67589,0.0368 c 0,-0.16636 0.36341,-0.39367 0.80757,-0.50515 0.44995,-0.11293 0.89857,-0.54234 1.01308,-0.96969 0.26281,-0.98078 0.27031,-15.79128 0.008,-16.76733 -0.10838,-0.40401 -0.56426,-0.82673 -1.01309,-0.93937 -0.44883,-0.11265 -0.81605,-0.35457 -0.81605,-0.53759 0,-0.20555 2.3994,-0.33278 6.27594,-0.33278 h 6.27593 v 3.05315 c 0,1.80928 -0.13821,3.05316 -0.33924,3.05316 -0.18658,0 -0.34149,-0.41981 -0.34424,-0.93291 -0.012,-2.23724 -1.93848,-3.81492 -4.65955,-3.81592 l -1.44176,-5.2e-4 v 4.10717 c 0,3.60582 0.0655,4.08203 0.5366,3.90125 0.29513,-0.11325 0.67141,-0.20591 0.83616,-0.20591 0.41359,0 1.03433,-1.23251 1.53673,-3.05123 0.38291,-1.38617 0.42223,-1.02304 0.42223,3.89933 0,5.10729 -0.0266,5.33108 -0.45022,3.78962 -0.49498,-1.80109 -1.21358,-2.78107 -2.2352,-3.04824 -0.63952,-0.16723 -0.66284,-0.006 -0.5717,3.95225 l 0.095,4.12659 1.6062,0.10319 c 2.5495,0.16378 3.89846,-0.67125 5.06196,-3.13345 l 0.97265,-2.05833 -0.19423,2.37468 c -0.10682,1.30607 -0.27339,2.79448 -0.37015,3.30758 l -0.17593,0.93291 h -6.4186 c -3.53262,0 -6.4186,-0.136 -6.4186,-0.30246 z m 19.33666,-0.0368 c 0,-0.18658 0.28662,-0.33924 0.63694,-0.33924 1.43548,0 1.56443,-0.71213 1.63954,-9.05479 0.0393,-4.36338 -0.0698,-8.3049 -0.24243,-8.75893 -0.17364,-0.45671 -0.69811,-0.92194 -1.17396,-1.04137 -0.47305,-0.11873 -0.86009,-0.36829 -0.86009,-0.55459 0,-0.21598 1.87456,-0.29451 5.1734,-0.21673 4.75504,0.11211 5.27943,0.18781 6.48447,0.93607 1.58295,0.98291 2.25095,2.43411 2.25095,4.89008 0,2.35085 -0.87208,3.76643 -3.00109,4.87143 -0.29969,0.15554 4.20849,8.328 4.75547,8.62073 1.27102,0.68023 0.61305,1.01601 -1.79624,0.91663 l -2.41653,-0.0997 -2.31615,-4.41011 c -1.27388,-2.42557 -2.55264,-4.45947 -2.84168,-4.5198 -0.44849,-0.0936 -0.52553,0.4194 -0.52553,3.49951 0,3.84353 0.29984,4.92154 1.36889,4.92154 0.3666,0 0.66655,0.15266 0.66655,0.33924 0,0.20649 -1.52658,0.33924 -3.90126,0.33924 -2.37468,0 -3.90125,-0.13275 -3.90125,-0.33924 z m 8.22039,-10.33129 c 1.29725,-0.27291 2.01354,-1.82603 2.00152,-4.33989 -0.008,-1.76223 -0.13927,-2.18273 -0.93883,-3.01729 -0.70398,-0.73479 -1.24238,-0.9697 -2.22252,-0.9697 h -1.29349 v 4.18395 c 0,2.30118 0.0852,4.26912 0.18926,4.37322 0.18544,0.18543 0.38401,0.16524 2.26406,-0.23029 z m -220.861962,3.55329 c -2.8581296,-1.26069 -5.3554928,-2.45106 -5.5496965,-2.64526 -0.3464658,-0.34647 -1.6193964,-6.6676 -1.6303655,-8.09609 -0.010964,-1.42784 1.0245289,-1.14251 6.346699,1.7488 2.915192,1.5837 5.420976,2.87945 5.56841,2.87945 0.147433,0 0.415764,0.27599 0.596291,0.6133 0.504942,0.9435 1.974024,6.96923 1.815241,7.44558 -0.26715,0.80145 -1.968459,0.33824 -7.146579,-1.94578 z m 310.003312,-5.80295 c -4.34279,-5.28897 -4.33683,-5.27373 -3.75441,-9.60146 0.5998,-4.45683 0.64644,-4.45167 5.91764,0.65377 2.49689,2.41837 4.648,4.72825 4.78023,5.13306 0.13669,0.41844 -0.1114,2.39448 -0.57497,4.57973 -1.15239,5.43224 -1.29378,5.41525 -6.36849,-0.7651 z M 10.395034,190.91304 c -2.8532552,-1.54899 -5.3952776,-3.03343 -5.6489391,-3.29875 -0.6401061,-0.66954 -1.3395315,-8.0549 -0.8219014,-8.67861 0.2074204,-0.24993 0.5492582,-0.44685 0.7596394,-0.43762 0.2103812,0.009 2.8235298,1.65031 5.8069971,3.64683 l 5.424485,3.63003 0.549673,3.56201 c 0.589109,3.81757 0.545009,4.41507 -0.324844,4.40128 -0.306556,-0.005 -2.891856,-1.27619 -5.74511,-2.82517 z m 314.489376,-6.08965 -4.49493,-4.49409 v -3.57309 c 0,-3.636 0.39079,-4.98601 1.35069,-4.66604 0.61627,0.20542 9.75195,7.82666 9.9666,8.31442 0.16803,0.3818 -0.33121,6.60032 -0.65584,8.16905 -0.33397,1.6139 -1.52719,0.88822 -6.16652,-3.75025 z M 8.797395,175.73703 c -2.7984049,-1.89631 -5.2001646,-3.61937 -5.3372439,-3.82901 -0.3059802,-0.46794 -0.3318611,-5.66583 -0.037094,-7.4499 0.1182848,-0.71592 0.4196353,-1.38017 0.6696679,-1.47611 0.3881826,-0.14896 9.580369,6.91731 10.573919,8.12845 0.187876,0.22902 0.394493,2.09563 0.45915,4.14803 0.110881,3.51969 0.07899,3.73717 -0.561416,3.829 -0.411699,0.059 -2.681847,-1.25985 -5.766983,-3.35046 z m 89.899059,2.7437 c -5.132561,-1.60814 -7.354787,-10.38768 -4.150928,-16.39942 2.125545,-3.98839 5.865724,-5.31683 9.654154,-3.42897 3.40465,1.69661 4.99219,5.13155 4.74707,10.27119 -0.13163,2.76014 -0.29739,3.45075 -1.29934,5.41355 -1.50854,2.95524 -3.14084,4.1473 -5.93017,4.33077 -1.10169,0.0725 -2.461041,-0.0117 -3.020786,-0.18712 z m 4.768006,-2.34147 c 0.44981,-0.67972 0.97311,-2.05458 1.16289,-3.05524 0.46991,-2.47785 0.43495,-8.07028 -0.064,-10.2317 -0.52028,-2.25397 -2.13348,-4.1011 -3.34751,-3.83292 -2.893581,0.63919 -3.789086,2.44747 -3.989015,8.05498 -0.214056,6.00377 0.802413,9.60138 2.911405,10.30437 1.42707,0.47569 2.44124,0.0978 3.3262,-1.23949 z m 49.88863,-1.1352 c 0.0408,-2.09904 0.0954,-3.89277 0.12142,-3.98606 0.026,-0.0933 0.34046,0.75498 0.69883,1.88505 1.28879,4.0639 4.30068,6.04651 6.23978,4.1074 0.92968,-0.92968 1.17935,-2.75077 0.54072,-3.94405 -0.18276,-0.3415 -1.47745,-1.48278 -2.87708,-2.53617 -3.11045,-2.341 -4.16447,-3.67327 -4.55349,-5.75562 -0.37689,-2.01737 -0.0198,-3.62063 1.14722,-5.15065 1.46937,-1.92645 3.42847,-2.27891 6.21902,-1.11886 1.03241,0.42917 1.17149,0.41289 1.61139,-0.1887 0.42734,-0.58443 0.48144,-0.26993 0.48144,2.79881 0,1.90148 -0.11936,3.45724 -0.26524,3.45724 -0.14589,0 -0.29894,-0.40707 -0.34012,-0.9046 -0.1092,-1.31942 -1.65053,-3.7659 -2.72151,-4.31973 -1.8113,-0.93666 -3.80005,0.19626 -3.79492,2.16185 0.003,1.2717 0.96969,2.51318 3.05575,3.92565 2.67084,1.80842 3.72702,2.85377 4.44061,4.39504 1.32373,2.85913 0.381,6.57068 -2.09603,8.25208 -1.29094,0.87628 -3.28749,0.89224 -5.30076,0.0424 -0.95502,-0.40315 -1.16216,-0.38889 -1.72291,0.11858 -0.35056,0.31725 -0.70959,0.57682 -0.79784,0.57682 -0.0883,0 -0.12708,-1.7174 -0.0863,-3.81645 z m 17.11548,-0.11704 c 0.0234,-4.12444 0.0649,-4.16323 1.15538,-1.08017 1.44949,4.09822 5.1525,5.29871 6.48764,2.10325 0.46141,-1.10429 0.45225,-1.32347 -0.10243,-2.45197 -0.33503,-0.6816 -1.2961,-1.74486 -2.13571,-2.36279 -3.37216,-2.48181 -3.83355,-2.94351 -4.61181,-4.61497 -0.97618,-2.0965 -1.02366,-3.962 -0.14982,-5.88698 1.1855,-2.61153 4.12898,-3.55643 6.57783,-2.11157 l 1.17651,0.69415 0.53908,-0.76964 c 0.52015,-0.7426 0.53908,-0.70311 0.53908,1.12431 0,1.04168 0.0971,2.60222 0.21573,3.46788 0.27167,1.98205 -0.27859,2.07219 -0.80679,0.13216 -0.2159,-0.79297 -0.86931,-2.01423 -1.45202,-2.71392 -0.87771,-1.0539 -1.27348,-1.27029 -2.30692,-1.26136 -1.55638,0.0135 -2.37293,0.6128 -2.63755,1.93594 -0.26868,1.34339 0.47307,2.4547 2.70094,4.04662 2.34474,1.67542 4.23969,3.47909 4.82343,4.59104 0.26449,0.50384 0.4809,1.78471 0.4809,2.84638 0,2.58192 -1.06236,4.72409 -2.77647,5.59856 -1.56448,0.79814 -2.69597,0.81632 -4.76019,0.0765 -1.52593,-0.54691 -1.6319,-0.54456 -2.28987,0.0509 l -0.6899,0.62434 z m 34.91066,3.1702 c -1.84891,-0.93537 -3.53428,-3.0979 -4.22374,-5.41957 -0.74966,-2.52438 -0.67537,-6.93977 0.15403,-9.155 2.15828,-5.76448 7.87619,-7.47052 12.07288,-3.60215 2.09867,1.93448 2.97213,4.33386 3.00476,8.25396 0.0322,3.86274 -0.67175,5.9966 -2.73516,8.29161 -2.25657,2.50984 -5.33578,3.11697 -8.27277,1.63115 z m 5.32213,-1.53144 c 1.207,-1.42436 1.63708,-3.62657 1.63877,-8.39132 0.002,-6.5646 -1.12217,-9.14313 -3.95223,-9.06267 -1.40165,0.0399 -2.17472,0.82892 -3.0247,3.08732 -0.63566,1.68892 -0.70302,2.46124 -0.59516,6.82345 0.11084,4.4829 0.19645,5.05349 0.96561,6.43628 1.38406,2.48825 3.4139,2.94055 4.96771,1.10694 z m 24.13994,1.61625 c -0.31278,-0.46646 -2.50117,-4.05391 -4.8631,-7.97213 -2.36192,-3.91822 -4.43405,-7.26905 -4.60472,-7.44631 -0.48097,-0.49953 -0.39742,12.82064 0.0871,13.88403 0.21857,0.47971 0.75998,0.9632 1.20313,1.07442 0.44316,0.11123 0.72652,0.28145 0.6297,0.37828 -0.23416,0.23415 -5.28368,0.30227 -5.28352,0.0713 7e-5,-0.099 0.43619,-0.34465 0.96916,-0.54582 1.28526,-0.48513 1.36367,-0.99854 1.36571,-8.94245 0.002,-7.37352 -0.2535,-8.99857 -1.50378,-9.56824 -1.45903,-0.66478 -0.90296,-0.94818 1.86041,-0.94818 h 2.69137 l 3.75418,6.17568 3.75418,6.17568 v -4.79664 c 0,-5.10362 -0.27959,-6.49621 -1.36104,-6.77902 -1.43985,-0.37653 -0.56489,-0.7757 1.70028,-0.7757 1.49248,0 2.37468,0.13782 2.37468,0.371 0,0.20405 -0.29476,0.44808 -0.65501,0.54228 -0.36026,0.0942 -0.77851,0.4234 -0.92944,0.73153 -0.15093,0.30814 -0.35231,4.75833 -0.44751,9.88933 -0.16457,8.86974 -0.2011,9.28733 -0.74178,8.48099 z m -181.093873,-0.0848 c -1.16e-4,-0.13994 0.210084,-0.25443 0.46711,-0.25443 1.183345,0 1.296791,-0.85093 1.27576,-9.56914 -0.01862,-7.71776 -0.07904,-8.61279 -0.607477,-8.99919 -0.322741,-0.236 -0.795621,-0.42908 -1.050844,-0.42908 -0.255222,0 -0.369693,-0.15266 -0.254379,-0.33924 0.27232,-0.44063 7.423206,-0.44083 9.009131,-2.6e-4 2.701535,0.75049 4.268126,4.02202 3.346725,6.989 -0.694022,2.23481 -2.327788,3.50456 -4.843288,3.76418 l -1.915116,0.19766 v 3.78595 c 0,3.90554 0.215132,4.60012 1.424806,4.60012 0.335847,0 0.610631,0.11812 0.610631,0.26248 0,0.14437 -1.679141,0.25886 -3.731425,0.25443 -2.052283,-0.004 -3.731519,-0.12254 -3.731634,-0.26248 z m 7.702732,-10.85567 c 0.851426,-0.93216 1.220008,-3.34375 0.790692,-5.1734 -0.340704,-1.45201 -1.381737,-2.5443 -2.424906,-2.5443 -0.594188,0 -0.640896,0.30905 -0.640896,4.2405 0,4.21228 0.0052,4.24049 0.788964,4.24049 0.433931,0 1.102696,-0.34348 1.486146,-0.76329 z m 10.276573,10.85567 c 9.9e-5,-0.13994 0.300124,-0.25443 0.666723,-0.25443 1.219,0 1.368893,-1.0401 1.368893,-9.49871 0,-8.4586 -0.149893,-9.4987 -1.368893,-9.4987 -0.366599,0 -0.666544,-0.16897 -0.666544,-0.37549 0,-0.26395 1.536816,-0.33561 5.173403,-0.24124 5.946627,0.15432 6.95095,0.48425 8.05361,2.64564 1.268806,2.48706 0.497741,6.39249 -1.469367,7.44231 -0.49609,0.26475 -0.901981,0.62335 -0.901981,0.79688 0,0.73529 3.917096,7.80823 4.638631,8.37579 0.434061,0.34143 0.789557,0.67514 0.789991,0.74158 4.34e-4,0.0664 -1.11008,0.0718 -2.46781,0.0119 l -2.468601,-0.10893 -2.288292,-4.35229 c -1.258561,-2.39375 -2.514242,-4.43898 -2.790402,-4.54496 -0.425791,-0.16339 -0.50211,0.41415 -0.50211,3.79971 0,4.16085 0.198999,4.80655 1.481346,4.80655 0.366944,0 0.578867,0.0883 0.47094,0.19623 -0.29567,0.29567 -7.719743,0.35164 -7.719537,0.0582 z m 9.185322,-10.96874 c 0.71724,-0.76428 0.822423,-1.19716 0.822423,-3.38475 0,-2.22797 -0.09481,-2.60125 -0.848099,-3.33897 -0.864748,-0.84689 -1.279432,-0.99217 -2.629106,-0.9211 -0.748706,0.0394 -0.763289,0.12121 -0.763289,4.28069 v 4.24049 h 1.297824 c 0.957106,0 1.513735,-0.23007 2.120247,-0.87636 z m 33.898276,10.97187 c 0,-0.14166 0.27479,-0.25756 0.61063,-0.25756 1.35236,0 1.42481,-0.48791 1.42481,-9.59602 v -8.78185 l -1.01772,-0.38415 c -0.55975,-0.21128 -1.01772,-0.5067 -1.01772,-0.65649 0,-0.1498 2.86233,-0.23082 6.36074,-0.18006 l 6.36074,0.0923 0.0985,2.79872 c 0.10014,2.84426 -0.34486,3.79559 -0.75437,1.61273 -0.12237,-0.6523 -0.57677,-1.59787 -1.00977,-2.10126 -0.67511,-0.78486 -1.10794,-0.93568 -3.03803,-1.05858 l -2.25077,-0.14331 v 4.11039 c 0,4.08582 0.005,4.11039 0.79552,4.11039 1.03594,0 1.95035,-1.03237 2.6554,-2.99795 l 0.56737,-1.58178 0.0263,5.39956 c 0.0259,5.31078 -0.0816,6.20525 -0.47645,3.96429 -0.4105,-2.33011 -1.34438,-3.42716 -2.9174,-3.42716 -0.60472,0 -0.65074,0.28305 -0.65074,4.00303 0,4.17193 0.19843,4.8172 1.48135,4.8172 0.36694,0 0.58799,0.0792 0.49121,0.17596 -0.28506,0.28506 -7.73963,0.36366 -7.73963,0.0816 z m 18.43647,-0.003 c -0.0867,-0.13994 0.0695,-0.25443 0.34707,-0.25443 0.27756,0 0.74454,-0.23989 1.03774,-0.53309 0.45604,-0.45603 0.53309,-1.752 0.53309,-8.96562 0,-7.21361 -0.0771,-8.50958 -0.53309,-8.96561 -0.2932,-0.2932 -0.75117,-0.53309 -1.01772,-0.53309 -0.26654,0 -0.48462,-0.15266 -0.48462,-0.33924 0,-0.21394 2.31813,-0.33924 6.27593,-0.33924 h 6.27593 v 3.05315 c 0,1.67924 -0.11936,3.05316 -0.26525,3.05316 -0.14589,0 -0.29726,-0.38673 -0.33638,-0.85941 -0.0984,-1.18938 -0.94411,-2.72837 -1.84659,-3.36049 -0.45317,-0.31741 -1.47293,-0.52946 -2.54624,-0.52946 h -1.79033 v 4.07088 c 0,3.24811 0.0952,4.07087 0.47127,4.07087 0.95797,0 1.91715,-1.22435 2.32547,-2.96834 0.22934,-0.97956 0.53351,-1.78101 0.67593,-1.78101 0.14243,0 0.25896,2.3662 0.25896,5.25821 0,3.27932 -0.12767,5.25822 -0.33924,5.25822 -0.18658,0 -0.34259,-0.34348 -0.34669,-0.76329 -0.01,-0.97693 -1.21344,-3.64683 -1.64441,-3.64683 -0.18045,0 -0.5744,-0.0945 -0.87545,-0.21004 -0.48853,-0.18747 -0.5371,0.24103 -0.4518,3.98606 l 0.0956,4.19611 1.90606,0.10041 c 1.66565,0.0877 2.04656,-0.0178 3.02006,-0.83696 0.61269,-0.51555 1.474,-1.70567 1.914,-2.6447 l 0.80001,-1.70734 -0.21588,2.54429 c -0.35229,4.15176 0.25465,3.81158 -6.88609,3.85958 -3.40986,0.0229 -6.27065,-0.0728 -6.35732,-0.21275 z m 53.6042,0.008 c -0.0891,-0.14411 0.1337,-0.26201 0.49503,-0.26201 1.42676,0 1.58216,-0.75211 1.70365,-8.24546 0.14448,-8.91162 0.004,-10.02324 -1.32957,-10.52664 -0.54505,-0.20573 -0.991,-0.49325 -0.991,-0.63893 0,-0.39613 7.72589,-0.32405 7.97213,0.0744 0.11751,0.19014 -0.14795,0.33924 -0.60401,0.33924 -0.54271,0 -0.94476,0.28773 -1.20735,0.86406 -0.51059,1.1206 -0.54808,16.53253 -0.0425,17.47717 0.21061,0.39354 0.70848,0.65618 1.24388,0.65618 0.49098,0 0.79577,0.0969 0.67731,0.21539 -0.31328,0.31328 -7.72577,0.35692 -7.91755,0.0466 z m 55.85261,0.004 c 1e-5,-0.13337 0.28989,-0.39762 0.64416,-0.58722 0.83329,-0.44596 2.12581,-3.63692 4.95427,-12.231 1.25885,-3.82493 2.39208,-7.0691 2.51829,-7.20928 0.1262,-0.14017 1.48947,3.59995 3.02947,8.31137 3.3115,10.13104 3.67215,11.03046 4.53251,11.30353 1.1815,0.37499 0.40186,0.51525 -3.25562,0.5857 -3.49697,0.0673 -4.49424,-0.14218 -2.75473,-0.57877 1.00181,-0.25144 1.04243,-0.71116 0.27729,-3.13846 l -0.57082,-1.81082 h -2.6247 -2.6247 l -0.55751,1.67852 c -0.62806,1.89089 -0.35153,2.88362 0.94921,3.4077 0.60194,0.24253 0.45443,0.30754 -0.78546,0.34622 -0.83962,0.0262 -2.02273,0.074 -2.62913,0.10631 -0.60641,0.0323 -1.10255,-0.0504 -1.10253,-0.1838 z m 8.6447,-7.4752 c -0.86191,-2.97319 -1.68545,-5.34302 -1.85674,-5.34302 -0.18601,0 -2.03858,5.33627 -2.03858,5.87208 0,0.12883 0.92623,0.23423 2.05829,0.23423 1.97394,0 2.04923,-0.0313 1.83703,-0.76329 z m 12.72741,7.54971 c -0.4167,-0.27063 -0.37815,-0.33142 0.21289,-0.33568 1.53263,-0.011 1.64755,-0.62122 1.73939,-9.23547 0.0528,-4.95208 -0.0461,-8.35712 -0.25407,-8.74567 -0.18729,-0.34995 -0.64601,-0.73323 -1.01937,-0.85173 -1.64549,-0.52226 -0.40717,-0.84821 3.22242,-0.84821 3.73586,0 5.04868,0.36418 2.87789,0.79834 l -1.02337,0.20467 0.0905,8.91239 0.0904,8.91239 2.12991,0.10125 c 1.95689,0.093 2.20875,0.0224 3.10064,-0.86949 0.5339,-0.5339 1.24439,-1.83889 1.57887,-2.89997 0.33448,-1.06108 0.70731,-1.92924 0.82853,-1.92924 0.22351,0 0.11821,2.71321 -0.20737,5.34302 l -0.1785,1.44177 h -5.88816 c -3.23849,0 -6.09147,0.0747 -6.33995,0.16606 -0.24849,0.0913 -0.68078,0.0173 -0.96066,-0.16443 z m 61.84693,-8.22954 c -3.18901,-2.52747 -4.93507,-4.14704 -5.17341,-4.79863 -0.19786,-0.54094 -0.35976,-2.41579 -0.35976,-4.16633 0,-2.58195 0.10075,-3.22146 0.53366,-3.38758 0.3408,-0.13078 2.39437,1.06067 5.68227,3.29675 2.83173,1.92584 5.26075,3.66385 5.39783,3.86225 0.13708,0.1984 0.25158,2.30711 0.25443,4.68603 0.005,4.26128 -0.006,4.32529 -0.75809,4.32396 -0.45963,-8.2e-4 -2.67829,-1.5191 -5.57693,-3.81645 z M 8.8018189,160.588 c -2.6100324,-2.19783 -4.8049475,-4.29948 -4.8775891,-4.67035 -0.072642,-0.37086 0.057281,-2.38194 0.2887175,-4.46907 0.3084783,-2.78191 0.5570254,-3.84706 0.9311934,-3.99064 0.3375426,-0.12953 2.0529115,1.25858 5.0650053,4.09868 2.505033,2.362 4.683222,4.53943 4.840421,4.83874 0.157198,0.29931 0.188819,2.22343 0.07027,4.27583 -0.195881,3.3912 -0.277443,3.7399 -0.894025,3.82225 -0.448911,0.06 -2.28415,-1.26147 -5.4239921,-3.90544 z M 326.66542,155.73334 c -2.23899,-1.49375 -4.63438,-3.0396 -5.32311,-3.43522 -1.50991,-0.86734 -1.79521,-1.56031 -2.30866,-5.60758 -0.39658,-3.12604 -0.31451,-3.83453 0.44295,-3.82359 0.4099,0.006 10.08516,5.34133 11.17461,6.16222 0.82008,0.61792 1.59877,8.68231 0.88221,9.13641 -0.25184,0.15959 -0.53422,0.2887 -0.62751,0.28691 -0.0933,-0.002 -2.00151,-1.22541 -4.24049,-2.71915 z M 10.196767,145.56518 c -4.8172995,-4.97214 -4.5959392,-4.40912 -3.7229868,-9.46933 0.5695252,-3.30135 1.053633,-4.3251 1.8929423,-4.00303 0.2581989,0.0991 2.3500815,2.4136 4.6486285,5.14339 l 4.179176,4.96323 -0.226153,1.77261 c -0.124384,0.97493 -0.388207,2.72672 -0.586273,3.89285 -0.543739,3.20131 -1.031211,3.02007 -6.185334,-2.29972 z m 121.066683,-1.64524 c -5.26242,-2.41402 -6.8926,-10.94492 -3.19314,-16.71003 2.19248,-3.41668 5.91754,-4.58902 9.46652,-2.97927 l 1.52402,0.69127 0.56579,-0.69872 c 0.31119,-0.3843 0.65581,-0.69872 0.76584,-0.69872 0.11003,0 0.20006,1.53929 0.20006,3.42066 0,2.5571 -0.1054,3.38553 -0.4175,3.2815 -0.22962,-0.0765 -0.55309,-0.71255 -0.71883,-1.41336 -0.16998,-0.71874 -0.87114,-1.87318 -1.60841,-2.64822 -1.23682,-1.30016 -1.39102,-1.36455 -2.86897,-1.19797 -3.21023,0.36184 -4.70876,3.18637 -4.72404,8.90419 -0.0108,4.04817 0.52919,6.14399 2.03012,7.87916 1.02738,1.18772 1.23219,1.27663 2.83205,1.22941 1.07107,-0.0316 1.93025,-0.25657 2.26735,-0.59367 0.29852,-0.29852 0.64636,-0.54321 0.77297,-0.54375 0.12661,-5.3e-4 0.53551,-0.45807 0.90868,-1.01674 0.80185,-1.20047 1.18734,-1.29356 1.18734,-0.28671 0,0.41122 -0.59208,1.29423 -1.35347,2.01853 -2.1206,2.01727 -5.06408,2.54243 -7.63638,1.36244 z m 46.14274,-2.16135 c -0.92868,-1.5393 -3.18004,-5.23289 -5.00302,-8.20798 l -3.31451,-5.40925 v 7.02064 c 0,6.56832 0.0437,7.06435 0.67847,7.69912 0.37317,0.37316 0.93291,0.67848 1.24388,0.67848 0.31097,0 0.47479,0.0906 0.36403,0.20137 -0.24195,0.24194 -4.954,0.41033 -5.17925,0.18508 -0.0868,-0.0868 0.29957,-0.43603 0.85865,-0.77603 l 1.0165,-0.61817 v -8.15867 c 0,-6.93905 -0.0819,-8.28367 -0.54788,-8.99483 -0.30133,-0.45989 -0.7593,-0.83617 -1.01772,-0.83617 -0.25841,0 -0.46984,-0.15265 -0.46984,-0.33924 0,-0.19754 1.11982,-0.33924 2.68097,-0.33924 h 2.68098 l 2.2718,3.81645 c 1.2495,2.09904 2.82906,4.76789 3.51015,5.93076 0.68109,1.16288 1.3342,2.11699 1.45136,2.12025 0.30991,0.009 0.13744,-9.55272 -0.18506,-10.259 -0.14983,-0.32812 -0.63722,-0.68815 -1.08309,-0.80006 -1.61703,-0.40585 -0.75377,-0.8084 1.73361,-0.8084 1.47004,0 2.5443,0.14324 2.5443,0.33924 0,0.18659 -0.22033,0.33924 -0.48963,0.33924 -0.26929,0 -0.72726,0.33929 -1.01771,0.75397 -0.44664,0.63765 -0.5281,2.18138 -0.5281,10.00756 0,5.08948 -0.11484,9.25361 -0.25519,9.25361 -0.14036,0 -1.01503,-1.25943 -1.9437,-2.79873 z m 10.31777,2.59687 c -0.042,-0.56433 -0.0196,-7.08705 0.0256,-7.43103 0.0245,-0.18659 0.27312,0.40512 0.5525,1.31489 0.99699,3.24664 2.9524,5.30028 5.04676,5.30028 1.00055,0 2.20053,-1.57618 2.20053,-2.89042 0,-1.76664 -0.41939,-2.34096 -3.22414,-4.41517 -3.52383,-2.60599 -4.3483,-3.78426 -4.51852,-6.45744 -0.31548,-4.95451 3.05694,-7.61796 7.05996,-5.57578 l 1.32572,0.67633 0.52659,-0.75181 c 0.4898,-0.69929 0.52498,-0.5036 0.50363,2.80088 -0.0151,2.33665 -0.12446,3.32045 -0.3195,2.87421 -0.16309,-0.37317 -0.60035,-1.39954 -0.97168,-2.28082 -1.16792,-2.77187 -3.75715,-3.69364 -5.20868,-1.8543 -0.32237,0.4085 -0.58952,1.18897 -0.59367,1.73439 -0.008,1.06093 1.06113,2.19805 4.74181,5.043 2.22631,1.7208 3.39239,3.78608 3.39239,6.00833 0,3.06195 -2.43267,6.10408 -4.88433,6.10799 -0.57879,9.3e-4 -1.77234,-0.25637 -2.65233,-0.57177 -1.52593,-0.5469 -1.6319,-0.54455 -2.28987,0.0509 -0.37944,0.3434 -0.70018,0.4862 -0.71276,0.31734 z m -94.84693,-0.56143 c -0.08652,-0.13994 0.126483,-0.25443 0.473342,-0.25443 1.371623,0 1.444827,-0.47471 1.444827,-9.36919 0,-4.70526 -0.09266,-8.79649 -0.205915,-9.09162 -0.113253,-0.29513 -0.571226,-0.53661 -1.017718,-0.53661 -0.446492,0 -0.811804,-0.15265 -0.811804,-0.33924 0,-0.20731 1.583118,-0.33924 4.070874,-0.33924 2.487757,0 4.070874,0.13193 4.070874,0.33924 0,0.18659 -0.37627,0.33924 -0.83616,0.33924 -0.479496,0 -0.985961,0.2799 -1.187341,0.65618 -0.376214,0.70296 -0.507505,16.18216 -0.145261,17.12615 0.156072,0.40672 0.698036,0.53661 2.238982,0.53661 1.85349,0 2.13336,-0.10029 3.16853,-1.13547 0.70228,-0.70227 1.28766,-1.73987 1.53438,-2.71968 0.71338,-2.83306 1.08038,-2.22592 0.81856,1.35415 -0.13471,1.842 -0.31096,3.42065 -0.39166,3.5081 -0.24805,0.26878 -13.056887,0.19692 -13.22451,-0.0742 z m 19.55862,0.0274 c 0,-0.15498 0.29995,-0.28178 0.66655,-0.28178 1.219,0 1.36889,-1.04011 1.36889,-9.49871 0,-4.99432 -0.13693,-8.44221 -0.35117,-8.84253 -0.20479,-0.38265 -0.70808,-0.65618 -1.20736,-0.65618 -0.48441,0 -0.76515,-0.1473 -0.64653,-0.33924 0.12001,-0.19417 1.86934,-0.33924 4.0909,-0.33924 2.36133,0 3.88123,0.13285 3.88123,0.33924 0,0.18659 -0.27478,0.33924 -0.61063,0.33924 -1.3491,0 -1.4248,0.49801 -1.4248,9.37271 0,7.32816 0.0766,8.63516 0.53309,9.09162 0.2932,0.2932 0.75117,0.53309 1.01772,0.53309 0.26654,0 0.48462,0.12467 0.48462,0.27706 0,0.15238 -1.75556,0.27918 -3.90125,0.28178 -2.14569,0.003 -3.90126,-0.12208 -3.90126,-0.27706 z m 34.33635,-0.004 c -0.48826,-0.19344 -0.46575,-0.23443 0.13974,-0.25443 1.43154,-0.0473 1.49945,-0.51802 1.40431,-9.73393 -0.0902,-8.73793 -0.0941,-8.78001 -0.85391,-9.11334 -0.41981,-0.18418 -0.76329,-0.45133 -0.76329,-0.59367 0,-0.14234 2.82417,-0.2588 6.27593,-0.2588 h 6.27593 v 3.05316 c 0,3.1756 -0.44883,4.05944 -0.85141,1.6766 -0.42335,-2.50577 -2.25734,-3.7255 -5.17009,-3.43846 l -1.10253,0.10865 v 4.07224 c 0,4.06206 0.002,4.07169 0.76329,3.85235 1.22898,-0.35406 2.28986,-1.76595 2.28986,-3.0475 0,-0.63162 0.15266,-1.24275 0.33924,-1.35806 0.22061,-0.13635 0.33924,1.63613 0.33924,5.06857 0,3.79535 -0.11119,5.27823 -0.39578,5.27823 -0.21767,0 -0.31192,-0.0839 -0.20943,-0.18634 0.10249,-0.10249 0.0423,-0.82761 -0.13377,-1.61139 -0.36023,-1.60368 -1.44407,-2.95162 -2.37331,-2.95162 -0.55788,0 -0.61536,0.31137 -0.5792,3.13797 0.0221,1.72588 0.13735,3.59593 0.25618,4.15568 0.19851,0.93516 0.34518,1.02605 1.80798,1.12039 2.59971,0.16767 4.51309,-1.33785 5.20049,-4.09194 0.1285,-0.51486 0.38192,-1.02776 0.56315,-1.13977 0.20953,-0.12949 0.24863,0.76728 0.1074,2.4627 -0.33488,4.01986 -0.20979,3.8474 -2.8248,3.89457 -7.22852,0.13038 -9.98654,0.10364 -10.50522,-0.10186 z m 57.67006,0 c -0.49703,-0.19714 -0.48048,-0.23404 0.11409,-0.25443 1.45176,-0.0498 1.50961,-0.41845 1.50961,-9.61987 v -8.78184 l -1.01771,-0.38415 c -0.55975,-0.21128 -1.01772,-0.50333 -1.01772,-0.64901 0,-0.14568 2.82417,-0.26487 6.27593,-0.26487 h 6.27593 l -0.0263,3.13797 -0.0263,3.13797 -0.56737,-1.58178 c -0.96884,-2.70102 -2.57873,-3.78652 -5.07284,-3.42046 l -1.09199,0.16027 v 4.03237 c 0,2.2178 0.0864,4.03237 0.19192,4.03237 0.41334,0 1.69506,-0.8172 2.08217,-1.32756 0.22455,-0.29604 0.50903,-1.18705 0.63219,-1.98002 0.46015,-2.96288 0.82535,-1.27418 0.82535,3.81644 0,3.27932 -0.12767,5.25821 -0.33924,5.25821 -0.18658,0 -0.33924,-0.38654 -0.33924,-0.85899 0,-1.88637 -1.38649,-3.89036 -2.69161,-3.89036 -0.52777,0 -0.48522,7.54313 0.0455,8.0739 0.22389,0.2239 1.1578,0.40709 2.07534,0.40709 1.47829,0 1.81453,-0.14627 2.95271,-1.28445 0.76349,-0.76348 1.46175,-1.89863 1.7216,-2.79872 0.36677,-1.2705 0.45927,-1.37975 0.57453,-0.67864 0.0756,0.45961 0.0332,1.94802 -0.0943,3.30759 -0.18394,1.96296 -0.34792,2.47991 -0.79636,2.51067 -2.35136,0.16126 -11.73139,0.0846 -12.196,-0.0997 z m 18.92492,0.0251 c 0,-0.16683 0.29666,-0.30333 0.65924,-0.30333 0.36259,0 0.89689,-0.33929 1.18734,-0.75396 0.44168,-0.63059 0.5281,-2.06152 0.5281,-8.74475 0,-6.68323 -0.0864,-8.11415 -0.5281,-8.74474 -0.29045,-0.41468 -0.82475,-0.75397 -1.18734,-0.75397 -0.36258,0 -0.65924,-0.15265 -0.65924,-0.33924 0,-0.45448 7.9273,-0.44212 9.57298,0.0149 3.487,0.96844 5.6928,4.80893 5.6928,9.91167 0,4.33308 -1.81204,7.87453 -4.68801,9.16224 -1.31721,0.58978 -2.35423,0.72323 -6.08285,0.78274 -2.4722,0.0395 -4.49492,-0.0648 -4.49492,-0.23159 z m 8.98521,-1.71725 c 1.39148,-1.09454 1.93152,-2.77748 2.1288,-6.63404 0.30249,-5.91316 -0.85263,-9.33483 -3.43914,-10.18738 -0.7096,-0.23389 -1.42915,-0.33938 -1.59899,-0.23441 -0.48975,0.30268 -0.39598,16.88993 0.0983,17.38418 0.62177,0.62177 1.77431,0.48715 2.81105,-0.32835 z m 90.7736,-2.31241 c -3.06628,-1.66464 -5.68172,-3.22461 -5.81208,-3.4666 -0.45708,-0.84846 -1.72282,-7.04024 -1.50968,-7.38512 0.11846,-0.19167 0.44561,-0.34849 0.72699,-0.34849 0.67334,0 11.37919,4.68881 11.87538,5.20102 0.46362,0.47859 1.92979,8.25737 1.64364,8.72037 -0.40713,0.65875 -1.46208,0.24417 -6.92425,-2.72118 z M 16.796569,134.9738 c -5.248764,-6.18708 -7.4897307,-9.11618 -7.4897307,-9.78962 0,-0.99893 1.6979427,-7.11877 2.1311457,-7.68122 0.179634,-0.23322 0.575066,-0.41732 0.878738,-0.4091 0.560435,0.0152 7.571943,9.92072 7.791579,11.00759 0.06348,0.31413 -0.224963,1.96984 -0.640985,3.67935 -1.010699,4.15314 -1.430473,4.65499 -2.670747,3.193 z m 303.113111,-9.75236 c -3.15591,-1.28786 -5.91916,-2.54002 -6.14055,-2.78256 -0.6027,-0.66028 -2.60721,-6.72863 -2.40053,-7.26724 0.0986,-0.25707 0.4513,-0.46071 0.78368,-0.45253 0.74063,0.0182 11.22397,3.41515 12.06427,3.90919 0.39716,0.23351 0.9579,1.66725 1.63594,4.18289 1.02203,3.79187 1.0706,4.79924 0.2299,4.76799 -0.23908,-0.009 -3.0168,-1.06987 -6.17271,-2.35774 z M 17.508266,116.32071 c -2.116407,-3.18795 -3.445838,-5.52387 -3.435957,-6.03728 0.0089,-0.46057 0.675316,-2.36398 1.481003,-4.2298 2.117013,-4.9026 2.106439,-4.90663 6.07998,2.31671 l 3.253587,5.91457 -1.267177,3.51725 c -1.795082,4.98253 -1.82495,4.97529 -6.111436,-1.48145 z m 123.427534,-1.0228 c 0.002,-0.0466 0.22939,-0.92443 0.50483,-1.95063 0.27545,-1.0262 0.50262,-2.12575 0.50484,-2.44345 0.002,-0.3177 -0.82707,-1.23365 -1.84286,-2.03544 -1.01579,-0.80179 -1.8554,-1.5723 -1.86582,-1.71223 -0.0104,-0.13994 0.49406,-0.25443 1.12106,-0.25443 0.62699,0 1.81279,-0.0922 2.6351,-0.20493 1.47744,-0.20251 1.50485,-0.23057 2.31862,-2.37468 0.45293,-1.19336 0.92919,-2.16975 1.05836,-2.16975 0.12917,0 0.64863,0.97358 1.15436,2.16351 0.90571,2.13105 0.9426,2.16666 2.46019,2.37467 0.84738,0.11615 1.97736,0.21118 2.51107,0.21118 0.5337,0 0.97037,0.15266 0.97037,0.33924 0,0.18658 -0.11449,0.3453 -0.25443,0.35271 -0.13994,0.007 -0.96956,0.67194 -1.84361,1.47675 l -1.58917,1.46329 0.51969,2.27837 c 0.28584,1.2531 0.44756,2.3505 0.3594,2.43867 -0.0882,0.0882 -1.08529,-0.38181 -2.21583,-1.0444 l -2.05551,-1.2047 -1.97291,1.18966 c -1.74193,1.05037 -2.49096,1.3849 -2.47775,1.10659 z m 24.08198,-0.29028 c 0,-0.20629 0.24123,-1.30602 0.53607,-2.44385 l 0.53607,-2.06876 -1.6386,-1.44437 c -0.90123,-0.79441 -1.75309,-1.45024 -1.89303,-1.45741 -0.13993,-0.007 -0.25443,-0.16569 -0.25443,-0.35227 0,-0.18658 0.57247,-0.34092 1.27215,-0.34298 0.69968,-0.002 1.83432,-0.0967 2.52141,-0.21029 1.14373,-0.18911 1.31296,-0.36788 2.00352,-2.11651 0.41485,-1.05048 0.88018,-2.05204 1.03408,-2.22571 0.15806,-0.17836 0.71762,0.64981 1.28599,1.90331 0.93529,2.06274 1.09705,2.23408 2.29639,2.43226 0.70963,0.11727 1.78637,0.21489 2.39276,0.21694 0.60639,0.002 1.10258,0.11823 1.10265,0.25817 7e-5,0.13993 -0.78636,0.94794 -1.74761,1.79558 l -1.74773,1.54114 0.53032,2.36011 c 0.29167,1.29806 0.47642,2.41476 0.41054,2.48156 -0.0659,0.0668 -1.04467,-0.44039 -2.1751,-1.12709 l -2.05534,-1.24854 -1.995,1.2119 c -2.16715,1.31647 -2.41511,1.40239 -2.41511,0.83681 z m 24.92506,-0.3882 c 0.0954,-0.41981 0.33204,-1.50659 0.52581,-2.41506 l 0.35231,-1.65177 -1.96112,-1.81014 -1.96111,-1.81014 1.35696,-0.019 c 3.42035,-0.048 3.77989,-0.24227 4.80579,-2.59715 0.51845,-1.19007 1.03726,-2.16377 1.1529,-2.16377 0.11564,0 0.58401,0.95369 1.04081,2.11931 0.91439,2.33325 1.21703,2.50939 4.44983,2.58991 0.88627,0.0221 1.61139,0.1928 1.61139,0.37938 0,0.18658 -0.11449,0.3453 -0.25443,0.35271 -0.13994,0.007 -0.96624,0.66894 -1.83624,1.47008 l -1.5818,1.45661 0.48476,2.31261 c 0.26662,1.27193 0.41492,2.38245 0.32955,2.46782 -0.0854,0.0854 -1.06717,-0.39877 -2.18178,-1.07587 l -2.02657,-1.23107 -1.97939,1.19355 c -2.32679,1.40304 -2.55815,1.44598 -2.32767,0.43202 z m 125.18843,-3.61615 c -2.79872,-0.87608 -5.41146,-1.7031 -5.80609,-1.83782 -0.4871,-0.1663 -1.16956,-1.24989 -2.12534,-3.37459 -1.50227,-3.33952 -1.68248,-4.22897 -0.91638,-4.52295 0.64085,-0.24592 11.69083,2.19883 12.66426,2.80189 0.41981,0.26009 0.76741,0.66019 0.77245,0.88911 0.005,0.22893 0.58754,1.87456 1.29444,3.65696 0.70689,1.7824 1.22435,3.42347 1.1499,3.64682 -0.22467,0.67401 -1.7016,0.40954 -7.03324,-1.25942 z m -289.645267,-4.5256 c -2.992096,-5.31655 -5.3235,-9.795442 -5.3235,-10.227057 0,-0.278462 0.857235,-2.125949 1.904967,-4.105526 1.552559,-2.933392 2.031293,-3.580126 2.587829,-3.495957 0.529186,0.08003 1.284761,1.462375 3.357418,6.142477 l 2.674557,6.039203 -1.424723,3.12026 c -0.783597,1.71615 -1.567455,3.31109 -1.741908,3.54432 -0.57266,0.76559 -1.21059,0.4465 -2.03464,-1.01772 z M 308.85534,97.261963 c -2.70543,-0.602577 -5.31489,-1.195905 -5.7988,-1.318507 -0.66327,-0.168048 -1.31037,-0.978623 -2.62911,-3.293307 -1.77634,-3.117907 -2.02184,-3.85886 -1.40485,-4.240177 0.65221,-0.403088 12.67216,1.262906 13.28434,1.841243 0.95146,0.898849 4.02262,7.067843 3.80324,7.639527 -0.28787,0.75019 -1.55768,0.640135 -7.25482,-0.628779 z m -154.08844,-4.014626 -0.0959,-3.816444 -2.79185,-0.09842 c -2.74153,-0.09665 -2.808,-0.119606 -3.68874,-1.274313 -0.53973,-0.707632 -0.96532,-1.782944 -1.06872,-2.700308 -0.17113,-1.518304 -0.16757,-1.524413 0.89002,-1.524413 0.97799,0 1.06183,0.0896 1.06183,1.134761 0,1.759628 0.81374,2.257635 3.68896,2.257635 2.147,0 2.55064,0.102442 3.28087,0.832679 0.76149,0.761489 0.83268,1.095347 0.83268,3.905017 v 3.072339 l 13.96034,-0.08857 13.96033,-0.08857 1.1421,-2.676559 c 1.4532,-3.405657 3.47251,-6.148106 5.67796,-7.711309 l 1.73309,-1.228402 0.62908,0.834 c 0.346,0.458699 0.49741,0.946152 0.33646,1.083228 -0.16095,0.137075 -0.91914,0.729543 -1.68488,1.316594 -2.085,1.59847 -3.94693,4.301263 -5.24713,7.616787 l -1.16313,2.965974 -15.67872,0.0024 -15.67871,0.0024 z M 32.425255,94.095436 C 31.866989,93.03651 27.625773,82.831208 27.625773,82.546823 c 0,-0.341972 3.605931,-6.130711 4.31624,-6.929025 1.040373,-1.169272 1.64827,-0.185292 3.625992,5.869248 1.042643,3.191916 1.895714,6.10546 1.895714,6.474543 0,0.369083 -0.794835,2.033763 -1.766301,3.699288 -1.792098,3.072458 -2.613622,3.683689 -3.272163,2.434559 z M 301.05283,84.130145 c -3.0786,-0.359718 -5.7631,-0.711843 -5.96557,-0.782498 -0.20246,-0.07066 -1.31555,-1.453008 -2.47353,-3.071894 -3.16732,-4.428011 -3.20114,-4.398034 4.619,-4.094643 3.45493,0.134038 6.49018,0.32371 6.745,0.421493 0.25481,0.09778 1.47387,1.720153 2.70902,3.605265 1.69612,2.588682 2.16563,3.555492 1.9185,3.950574 -0.45141,0.721674 -1.1565,0.719032 -7.55242,-0.0283 z M 185.8637,80.359368 c -0.92339,-1.537577 -3.09097,-5.081488 -4.81685,-7.875358 l -3.13797,-5.079764 v 6.833408 c 0,5.759869 0.0837,6.917157 0.53309,7.366498 0.2932,0.2932 0.75118,0.533091 1.01772,0.533091 0.26655,0 0.48463,0.152658 0.48463,0.339239 0,0.196005 -1.07426,0.33924 -2.5443,0.33924 -1.47003,0 -2.54429,-0.143235 -2.54429,-0.33924 0,-0.186581 0.29994,-0.339239 0.66654,-0.339239 1.21116,0 1.36889,-1.049389 1.36889,-9.107009 v -7.794655 l -1.04374,-0.878255 -1.04375,-0.878255 2.65514,0.0091 2.65513,0.0091 3.47471,5.842767 3.47471,5.842767 0.002,-4.856466 c 0.002,-4.825252 -0.25382,-6.168819 -1.17676,-6.168819 -0.2623,0 -0.57125,-0.152658 -0.68657,-0.33924 -0.13221,-0.213922 0.67496,-0.339239 2.18504,-0.339239 2.46137,0 2.96939,0.265459 1.63141,0.852465 -0.76139,0.334038 -0.76352,0.357917 -0.85355,9.57915 -0.0496,5.084353 -0.2101,9.244277 -0.35656,9.244277 -0.14646,0 -1.02179,-1.258017 -1.94517,-2.795593 z m 10.36931,-0.968273 c 0.004,-2.623351 0.11107,-3.70519 0.33405,-3.360164 0.18086,0.279873 0.33118,0.783592 0.33404,1.119375 0.003,0.335784 0.25161,1.099073 0.55278,1.696198 1.37994,2.73594 3.8498,4.018367 5.27199,2.737369 1.92785,-1.736459 1.31504,-4.124688 -1.54657,-6.027281 -3.77374,-2.509037 -4.95653,-4.156716 -4.94403,-6.887274 0.0102,-2.239554 1.03288,-4.34784 2.54037,-5.237282 0.78719,-0.46445 1.15487,-0.896022 1.0333,-1.212835 -0.1038,-0.270501 -0.18873,-0.708322 -0.18873,-0.972935 0,-0.399145 -1.14572,-0.481113 -6.72483,-0.481113 h -6.72483 l 1.46662,-4.2826 c 0.80664,-2.35543 1.46662,-4.396973 1.46662,-4.536764 0,-0.202419 -30.95059,-0.236869 -40.79356,-0.04541 l -2.28986,0.04454 0.004,1.611388 c 0.003,1.023416 0.49778,2.966451 1.35696,5.325062 0.74403,2.04252 1.35278,3.76484 1.35278,3.827376 0,0.06254 -0.34348,0.251764 -0.76329,0.420507 -0.71187,0.286137 -0.69473,0.308339 0.25443,0.329576 l 1.01772,0.02277 -1.0409,0.634748 c -0.94454,0.575988 -6.32585,6.173309 -6.49206,6.752669 -0.0383,0.133615 1.25993,2.453765 2.88504,5.155889 2.00078,3.326759 3.306,5.13395 4.0427,5.597452 0.59837,0.376475 1.09383,0.798993 1.10101,0.938929 0.007,0.139937 -1.66616,0.25443 -3.71856,0.25443 -2.0524,0 -3.73164,-0.08723 -3.73164,-0.193851 0,-0.106618 0.22245,-0.416303 0.49434,-0.688188 0.29441,-0.29441 0.39731,-0.733255 0.25443,-1.085086 -0.5569,-1.371327 -3.91175,-6.853103 -4.19409,-6.853103 -0.17225,0 -0.26575,1.755688 -0.21227,3.986065 0.0921,3.842083 0.12315,3.98998 0.85887,4.094468 0.41981,0.05962 0.76329,0.250445 0.76329,0.42405 0,0.17557 -1.656,0.315645 -3.73164,0.315645 -2.2616,0 -3.73163,-0.13364 -3.73163,-0.33924 0,-0.186581 0.27478,-0.339239 0.61063,-0.339239 1.33786,0 1.42497,-0.529608 1.42017,-8.633646 -0.003,-4.300709 -0.0947,-8.155517 -0.20486,-8.566239 -0.11013,-0.410722 -0.60419,-0.894808 -1.0979,-1.075746 -0.67735,-0.248238 0.039,-0.335552 2.91878,-0.355761 2.09905,-0.01473 3.81645,0.05333 3.81645,0.151234 0,0.09791 -0.38165,0.323117 -0.8481,0.500463 -0.83693,0.318199 -0.8481,0.373949 -0.8481,4.232098 0,2.150308 0.0604,3.909651 0.13417,3.909651 0.36387,0 5.97214,-6.772021 5.97214,-7.211406 0,-0.606987 -0.81723,-1.356992 -1.13374,-1.04048 -0.12277,0.122769 -0.22322,0.04512 -0.22322,-0.172563 0,-0.248775 0.63002,-0.395779 1.6962,-0.395779 0.93291,0 1.6945,-0.114493 1.69242,-0.25443 -0.002,-0.139936 -0.63873,-1.933665 -1.4148,-3.986064 -1.23994,-3.279176 -1.41542,-4.091546 -1.44723,-6.699981 l -0.0362,-2.968346 h 24.18006 c 13.29903,0 24.18005,0.06415 24.18005,0.142546 0,0.0784 -0.61063,1.9413 -1.35695,4.139778 -0.74633,2.198478 -1.35696,4.195212 -1.35696,4.437188 0,0.344593 1.36033,0.439956 6.27593,0.439956 h 6.27593 v 2.131914 c 0,1.993426 0.064,2.169721 0.98525,2.713916 1.28533,0.759264 1.55116,0.735085 1.9931,-0.181287 0.2928,-0.607109 0.37282,-0.08241 0.39108,2.564317 0.0226,3.279708 -0.36037,4.119059 -0.80299,1.759731 -0.30448,-1.623048 -2.26108,-3.560759 -3.59547,-3.560759 -1.24146,0 -2.36337,1.062167 -2.36337,2.237525 0,1.334218 0.88691,2.555301 2.81,3.868786 2.82063,1.926512 3.69607,2.776142 4.35486,4.22646 0.83987,1.848986 0.79635,3.796632 -0.12564,5.621677 -1.39747,2.766257 -3.79422,3.657178 -6.70517,2.492445 -1.28979,-0.516069 -1.41759,-0.512779 -2.04231,0.05258 -0.65871,0.596132 -0.66635,0.558407 -0.66122,-3.265924 z m 37.31116,0.08481 c 0,-2.081317 0.0655,-3.784213 0.14554,-3.784213 0.08,0 0.38944,0.838938 0.68752,1.864306 1.04963,3.610606 3.97663,5.598919 5.76665,3.917286 1.92933,-1.812512 1.16363,-4.164803 -2.01998,-6.205527 -3.23779,-2.075453 -4.58614,-4.073079 -4.57228,-6.774009 0.012,-2.34831 1.05313,-4.201027 2.85166,-5.074822 l 1.53951,-0.74795 1.8886,0.782784 c 1.03874,0.430531 1.93475,0.726845 1.99116,0.658476 0.0564,-0.06837 0.27307,-0.429623 0.4815,-0.802787 0.30003,-0.53718 0.3811,0.01035 0.38927,2.629106 0.006,1.819172 -0.0601,3.307586 -0.14623,3.307586 -0.0861,0 -0.31923,-0.60415 -0.51806,-1.342556 -0.50999,-1.893957 -2.33474,-3.746037 -3.69076,-3.746037 -2.17384,0 -3.1459,2.377341 -1.71556,4.195724 0.38713,0.492155 1.64656,1.568149 2.79873,2.391098 1.15217,0.822949 2.41953,1.852948 2.81636,2.288887 2.43321,2.673039 1.60599,8.151556 -1.45125,9.611296 -1.3809,0.659338 -2.81733,0.646629 -4.53367,-0.04011 -1.28978,-0.516069 -1.41759,-0.512779 -2.0423,0.05258 -0.65861,0.596035 -0.66641,0.558777 -0.66641,-3.181114 z M 91.402804,82.62983 c 0,-0.10224 0.383807,-0.522049 0.852905,-0.932908 0.650114,-0.569402 1.543277,-2.803836 3.756483,-9.397625 1.596968,-4.757835 3.027894,-8.778473 3.179836,-8.934753 0.151942,-0.156279 1.605332,3.736495 3.229762,8.650608 2.17164,6.569504 3.16959,9.132506 3.76977,9.68177 0.44894,0.410859 0.81626,0.830668 0.81626,0.932908 0,0.102241 -1.6029,0.185892 -3.56201,0.185892 -2.14852,0 -3.562018,-0.134619 -3.562018,-0.33924 0,-0.186581 0.310108,-0.339239 0.689128,-0.339239 0.9981,0 1.1365,-0.73811 0.52974,-2.825274 -0.59289,-2.039481 -0.70675,-2.108258 -3.680096,-2.22299 -1.853183,-0.07151 -1.97126,-0.02705 -2.324199,0.875076 -0.204506,0.522727 -0.453534,1.528279 -0.553395,2.234561 -0.168814,1.193967 -0.106844,1.312352 0.882431,1.685762 1.704585,0.643408 1.246933,0.931344 -1.480301,0.931344 -1.399363,0 -2.544296,-0.08365 -2.544296,-0.185892 z m 8.349501,-7.130713 C 99.640063,75.20662 99.21698,73.827274 98.81212,72.433906 c -0.404861,-1.393369 -0.844768,-2.413479 -0.977573,-2.266912 -0.132804,0.146567 -0.588009,1.33509 -1.011565,2.641162 -0.423557,1.306072 -0.840427,2.565499 -0.926378,2.798726 -0.114434,0.310511 0.408142,0.424049 1.951751,0.424049 1.774867,0 2.075774,-0.08405 1.90395,-0.531814 z m 12.683345,7.057809 c 0,-0.142338 0.34257,-0.409489 0.76125,-0.593669 0.59336,-0.261017 0.82385,-0.746383 1.04509,-2.200691 0.30513,-2.00578 0.095,-14.068505 -0.26048,-14.950401 -0.11809,-0.292996 -0.62871,-0.696565 -1.13471,-0.89682 -0.72218,-0.285806 0.18165,-0.371859 4.20323,-0.400188 4.80733,-0.03386 5.19431,0.01176 6.27593,0.739865 1.55436,1.046334 2.17275,2.400621 2.15868,4.727538 -0.0127,2.095929 -0.74877,3.530273 -2.13512,4.160469 -0.40517,0.18418 -0.73668,0.470702 -0.73668,0.636716 0,0.166013 0.5991,1.38924 1.33133,2.718282 0.73224,1.329042 1.67567,3.063673 2.09652,3.854735 0.42086,0.791061 1.04302,1.526473 1.38259,1.634248 1.34271,0.42616 0.49716,0.828712 -1.74068,0.828712 h -2.35808 l -1.16744,-2.120247 c -0.6421,-1.166136 -1.70475,-3.108049 -2.36146,-4.315363 -0.6567,-1.207313 -1.36008,-2.250475 -1.56307,-2.318136 -0.25031,-0.08344 -0.36906,1.023336 -0.36906,3.439518 0,4.016478 0.1408,4.635749 1.05401,4.635749 0.3532,0 0.64218,0.152658 0.64218,0.339239 0,0.204621 -1.41349,0.33924 -3.56201,0.33924 -1.95911,0 -3.56202,-0.116458 -3.56202,-0.258796 z m 8.51643,-10.459322 c 1.08831,-0.984908 1.40214,-4.006151 0.61757,-5.945423 -0.394,-0.973867 -1.57724,-1.655394 -2.87403,-1.655394 h -0.83213 v 4.284881 4.284881 l 1.22941,-0.199506 c 0.67618,-0.109728 1.51281,-0.455976 1.85918,-0.769439 z m 33.21004,10.591141 c 0,-0.06984 0.40071,-0.565974 0.89046,-1.102528 0.62791,-0.687904 1.76752,-3.557218 3.86496,-9.731209 1.63596,-4.815611 3.03843,-8.819599 3.11658,-8.89775 0.0781,-0.07815 1.32761,3.480249 2.77657,7.907558 3.46645,10.591745 3.57883,10.880911 4.32048,11.116299 1.55782,0.494433 0.3652,0.834607 -2.92605,0.834607 -2.14852,0 -3.56202,-0.134619 -3.56202,-0.33924 0,-0.186581 0.29631,-0.339239 0.65846,-0.339239 1.015,0 1.09898,-0.468454 0.48191,-2.687953 -0.63162,-2.271801 -0.90525,-2.422393 -4.1633,-2.291251 -1.38196,0.05563 -1.5291,0.150995 -1.92482,1.247569 -0.82345,2.281896 -0.45642,3.731635 0.94473,3.731635 0.33585,0 0.61063,0.152658 0.61063,0.339239 0,0.196005 -1.07426,0.33924 -2.5443,0.33924 -1.39936,0 -2.54429,-0.05714 -2.54429,-0.126977 z m 8.39568,-7.081863 c -0.0868,-0.233227 -0.50896,-1.613542 -0.93803,-3.067367 -0.42908,-1.453824 -0.88977,-2.522429 -1.02376,-2.374676 -0.13399,0.147752 -0.59016,1.337245 -1.01372,2.643317 -0.42355,1.306072 -0.84042,2.565499 -0.92637,2.798726 -0.11444,0.310511 0.40814,0.424049 1.95175,0.424049 1.54447,0 2.06581,-0.113364 1.95013,-0.424049 z m 49.61428,6.911138 c 0,-0.163735 0.24014,-0.497003 0.53365,-0.740594 0.88964,-0.738338 1.60901,-2.516914 4.41045,-10.904402 1.47722,-4.422793 2.78007,-7.933922 2.89523,-7.802509 0.11515,0.131414 1.5355,4.319199 3.15632,9.30619 2.19238,6.745547 3.13283,9.197449 3.67288,9.575714 0.39926,0.279652 0.64053,0.593858 0.53615,0.698236 -0.10438,0.104378 -1.7744,0.146053 -3.71117,0.09261 -3.10615,-0.08571 -3.41138,-0.146178 -2.58848,-0.512818 1.09248,-0.486746 1.23362,-1.665331 0.42982,-3.589102 -0.59122,-1.414972 -1.11691,-1.633529 -3.65801,-1.520814 l -1.89247,0.08394 -0.51205,1.585471 c -0.62086,1.922367 -0.40753,2.947853 0.66947,3.218161 1.57473,0.395234 0.77454,0.807612 -1.56712,0.807612 -1.30607,0 -2.37467,-0.133966 -2.37467,-0.297702 z m 7.38433,-9.613523 -1.04856,-3.126434 -0.75206,2.023905 c -0.41364,1.113149 -0.85904,2.520044 -0.98979,3.126435 l -0.23772,1.102528 h 2.03834 2.03834 z M 38.656067,77.13346 C 37.799545,74.381379 36.951885,71.779014 36.772377,71.350426 36.59287,70.921837 36.446,70.296493 36.446,69.960771 c 0,-0.880771 5.109079,-7.160181 5.825696,-7.160181 0.655892,0 0.556599,-0.316374 2.475406,7.887226 l 1.249701,5.342929 -2.146295,3.047612 C 40.751321,83.47902 40.615104,83.428018 38.656067,77.13346 Z M 287.76405,71.658053 c -1.05834,-0.115862 -1.98515,-0.286131 -2.05958,-0.378376 -0.0744,-0.09225 -1.07856,-1.278407 -2.23142,-2.635916 -2.14128,-2.52138 -2.41849,-3.136856 -1.67206,-3.712374 0.51003,-0.393253 12.45502,-1.15683 13.01565,-0.832019 0.94835,0.549439 5.21766,6.37854 5.13611,7.01259 -0.0826,0.642448 -0.35749,0.680558 -5.17585,0.717616 -2.79873,0.02153 -5.95451,-0.05566 -7.01285,-0.171521 z M 49.111966,70.19542 c -0.435006,-0.57124 -2.48878,-10.602344 -2.48878,-12.155774 0,-1.043216 0.357661,-1.54653 2.887076,-4.062805 3.925047,-3.904657 3.839825,-3.983297 4.880968,4.50398 l 0.813634,6.632649 -2.313759,2.660005 c -2.340195,2.690396 -3.169824,3.222082 -3.779139,2.421945 z M 273.70789,58.333145 c -2.30209,-2.232212 -2.95885,-3.355705 -2.22631,-3.808439 0.73896,-0.456703 12.41439,-2.186532 12.91268,-1.91314 1.05905,0.581056 5.80291,5.68595 5.80291,6.244548 0,0.890445 -1.15124,1.152806 -6.78479,1.54622 -7.64643,0.533982 -6.8432,0.705248 -9.70449,-2.069189 z m -214.851754,0.651 c -0.469035,-1.176241 -1.451585,-12.055289 -1.139198,-12.613494 0.360785,-0.644687 6.169375,-5.62063 6.561156,-5.62063 0.698245,0 0.924285,1.534797 1.123758,7.63023 l 0.210843,6.442891 -2.625154,2.45873 c -2.769188,2.593632 -3.633897,2.94992 -4.131405,1.702273 z M 262.81093,48.796413 c -2.25926,-1.707532 -2.77661,-2.264695 -2.71392,-2.92277 0.0718,-0.753346 0.51353,-0.932656 6.01415,-2.441126 3.26518,-0.895432 6.11347,-1.636319 6.32953,-1.646418 0.67453,-0.03153 6.90081,5.495478 6.90081,6.125771 0,0.327216 -0.28206,0.684463 -0.62681,0.793882 -0.76523,0.242875 -12.17393,2.225666 -12.72125,2.210908 -0.21513,-0.0058 -1.64726,-0.959912 -3.18251,-2.120247 z M 70.110279,49.817061 c -0.181558,-0.229038 -0.413043,-3.235166 -0.514411,-6.680284 l -0.184306,-6.263851 1.103717,-1.029799 c 0.607044,-0.566389 2.212693,-1.782156 3.568109,-2.701705 1.94136,-1.317068 2.582801,-1.597217 3.022304,-1.319986 0.306851,0.193557 0.553697,0.487942 0.548546,0.654189 -0.178325,5.755438 -0.61199,12.03663 -0.875761,12.684509 -0.319871,0.785671 -3.803117,3.697479 -5.57084,4.656927 -0.606316,0.329083 -0.836493,0.329083 -1.097358,0 z m 44.265541,-0.179829 c -0.9229,-0.111594 -3.63636,-2.35377 -3.63636,-3.004782 0,-0.180914 0.51752,-0.575726 1.15006,-0.87736 1.12083,-0.534488 1.1704,-0.526667 1.95062,0.307774 1.87628,2.006665 6.00455,-0.393922 4.46278,-2.595106 -0.47156,-0.673239 -0.69916,-0.704608 -3.60933,-0.497463 -2.90415,0.206716 -3.18289,0.168646 -4.28843,-0.585727 -2.60301,-1.776178 -2.78802,-4.973664 -0.39844,-6.886315 2.63795,-2.111448 6.15822,-1.953029 7.66388,0.344889 0.32248,0.492179 0.53598,0.938541 0.47442,0.991914 -0.0615,0.05337 -0.62363,0.35742 -1.24906,0.675659 -1.10358,0.561539 -1.1606,0.556581 -1.93185,-0.167967 -0.60883,-0.571972 -1.01728,-0.691026 -1.74639,-0.509042 -1.85908,0.464024 -2.73684,1.980138 -1.66258,2.871694 0.33217,0.27568 1.39036,0.326422 3.49458,0.167575 3.7213,-0.280921 4.91033,0.192036 5.88613,2.341311 0.77629,1.70984 0.81422,2.596787 0.17634,4.12346 -0.81329,1.946464 -4.20146,3.605998 -6.73637,3.299486 z m 103.3089,-0.923187 c -0.60639,-0.257401 -1.1023,-0.589865 -1.10201,-0.738808 2.9e-4,-0.148943 1.34156,-3.343688 2.98062,-7.099432 l 2.98009,-6.828627 4.18692,1.811808 c 2.30281,0.996495 4.24102,1.865905 4.30713,1.932024 0.2023,0.202296 -0.67709,2.280532 -0.96498,2.280532 -0.14838,0 -1.56654,-0.522897 -3.15147,-1.161993 l -2.8817,-1.161993 -0.69893,1.534251 c -0.38441,0.843839 -0.65018,1.5749 -0.5906,1.624582 0.0596,0.04968 1.10061,0.519384 2.31339,1.043784 1.21278,0.5244 2.31829,1.047732 2.45668,1.162961 0.31074,0.258716 -0.45853,2.38624 -0.86281,2.38624 -0.16105,0 -1.36269,-0.46957 -2.67031,-1.04349 -1.30762,-0.573919 -2.42281,-0.993728 -2.47819,-0.932909 -0.0554,0.06082 -0.5846,1.255515 -1.17605,2.654878 -0.59145,1.399363 -1.18109,2.647774 -1.31031,2.774246 -0.12922,0.126472 -0.73108,0.01935 -1.33747,-0.238054 z m -13.32554,-4.429632 c -4.75828,-1.419051 -5.73103,-7.828526 -1.98628,-13.087552 0.85376,-1.198993 3.03938,-2.301922 4.58312,-2.312773 2.64633,-0.0186 5.4672,1.755304 6.46168,4.063423 1.23686,2.870669 -0.55068,8.79389 -3.21004,10.636828 -1.55626,1.07849 -3.71366,1.336735 -5.84848,0.700074 z m 3.55081,-2.744315 c 1.49371,-0.712302 2.62121,-2.935173 2.8298,-5.578948 0.18096,-2.293663 -0.44284,-3.474632 -2.12932,-4.031223 -2.80653,-0.926236 -5.13826,1.355332 -5.50368,5.385271 -0.21814,2.405683 0.32653,3.546389 2.05167,4.296785 1.375,0.598097 1.34491,0.598884 2.75153,-0.07189 z m -76.81616,2.094218 c 0,-0.203547 -3.11072,-11.504036 -3.19515,-11.607219 -0.0326,-0.03977 -0.8917,0.149237 -1.90922,0.420023 -1.01752,0.270786 -1.87327,0.494151 -1.90167,0.496365 -0.23493,0.01832 -0.7459,-2.209873 -0.54649,-2.383118 0.24145,-0.209772 9.54788,-3.040688 9.99605,-3.040688 0.34541,0 0.97406,2.148022 0.6989,2.388059 -0.14239,0.124208 -0.98401,0.420835 -1.87027,0.659172 -0.88627,0.238337 -1.6091,0.527994 -1.60631,0.643682 0.003,0.115688 0.74163,2.881853 1.64185,6.147033 1.60844,5.833945 1.62449,5.94051 0.92782,6.157306 -0.87987,0.27381 -2.23551,0.346206 -2.23551,0.119385 z m 119.75155,-3.424311 c -4.23757,-2.769495 -4.19344,-2.858167 2.71392,-5.453081 3.0786,-1.156549 5.96109,-2.11313 6.40554,-2.125735 0.78634,-0.0223 7.50328,4.468205 7.50328,5.016208 0,0.836606 -1.47139,1.457584 -6.81424,2.875856 -3.28138,0.871049 -6.18188,1.580931 -6.44555,1.577516 -0.26368,-0.0034 -1.777,-0.854259 -3.36295,-1.890764 z M 81.667468,40.867347 c -0.213698,-0.556891 0.463985,-11.12807 0.806245,-12.576604 0.247722,-1.048424 7.175131,-5.049117 7.911372,-4.568948 0.279873,0.18253 0.483469,0.615587 0.452435,0.96235 -0.05773,0.645055 -1.340345,9.562131 -1.668014,11.596457 -0.158161,0.981941 -0.584214,1.388342 -3.289704,3.137966 -3.312271,2.142025 -3.872385,2.334669 -4.212334,1.448779 z m 60.960502,-0.258563 c 0,-0.901201 2.77736,-14.945862 3.00424,-15.191988 0.1202,-0.130386 0.84611,-0.337325 1.61314,-0.459864 l 1.3946,-0.2228 3.60918,6.974371 c 1.98505,3.835903 3.60918,7.134163 3.60918,7.329465 0,0.195302 -0.61773,0.355094 -1.37273,0.355094 -1.18124,0 -1.45336,-0.145516 -1.95063,-1.043118 -1.14086,-2.059307 -1.01455,-2.00761 -3.87459,-1.585763 l -2.61821,0.386179 -0.21061,1.404466 c -0.27949,1.863727 -0.43955,2.056926 -1.93142,2.331254 -1.01074,0.185855 -1.27215,0.128874 -1.27215,-0.277296 z m 7.37343,-6.779867 c 0.0734,-0.07337 -0.43741,-1.255807 -1.13506,-2.627646 l -1.26845,-2.494254 -0.24268,1.187339 c -0.13348,0.653036 -0.34849,1.934957 -0.4778,2.848713 l -0.23513,1.661375 1.61286,-0.221067 c 0.88708,-0.121587 1.67289,-0.281094 1.74626,-0.35446 z m 33.33532,6.001356 c -2.33228,-0.272481 -4.34953,-0.598988 -4.48279,-0.72557 -0.13326,-0.126583 0.1313,-3.510122 0.58791,-7.518975 0.45661,-4.008854 0.83279,-7.386539 0.83596,-7.505967 0.003,-0.119429 0.5019,-0.154011 1.10829,-0.07685 0.60639,0.07716 2.8287,0.349028 4.93847,0.604148 2.10976,0.255121 3.92182,0.549736 4.02678,0.654701 0.10497,0.104965 0.0943,0.705259 -0.0236,1.333986 l -0.21445,1.143141 -3.45866,-0.446317 c -1.90226,-0.245474 -3.56036,-0.332961 -3.68466,-0.194414 -0.1243,0.138547 -0.30506,0.885554 -0.40169,1.660015 l -0.17568,1.408113 3.3556,0.411058 3.3556,0.411059 v 1.33564 1.33564 l -2.12025,-0.26295 c -1.16614,-0.144623 -2.72986,-0.266697 -3.47495,-0.271275 l -1.35469,-0.0083 -0.2298,1.86444 c -0.12639,1.025442 -0.20373,1.88912 -0.17188,1.919284 0.0319,0.03016 1.5845,0.228672 3.45031,0.44113 1.86582,0.212458 3.55442,0.439706 3.75244,0.504994 0.20242,0.06674 0.29756,0.65392 0.21731,1.341254 -0.16498,1.413171 0.31389,1.360486 -5.83556,0.64204 z m -17.68686,-5.471011 c -0.0255,-2.548989 -0.0637,-5.397815 -0.0848,-6.330724 l -0.0384,-1.696197 -1.95063,-0.10174 -1.95062,-0.101739 v -1.340029 -1.340028 h 5.42783 5.42783 v 1.356958 1.356958 h -2.03544 -2.03543 v 6.275931 c 0,6.274523 -1.7e-4,6.275937 -0.76329,6.301887 -0.41981,0.01428 -1.03044,0.0771 -1.35696,0.139603 -0.54019,0.103409 -0.59785,-0.303827 -0.64007,-4.52088 z m 72.30718,-1.690951 c -1.61218,-0.898865 -2.93081,-1.865996 -2.9944,-2.196204 -0.0891,-0.462851 1.10246,-1.173741 5.52782,-3.297813 3.1028,-1.489274 5.93686,-2.707771 6.29791,-2.707771 0.36105,0 1.99404,0.754026 3.62888,1.675613 4.10171,2.312212 4.40307,2.556917 3.99015,3.240075 -0.43272,0.715908 -11.19826,4.923383 -12.55187,4.905618 -0.56125,-0.0074 -2.3098,-0.733753 -3.89849,-1.619518 z M 94.34288,33.73907 c -0.390697,-0.390696 -0.255519,-1.665041 0.791559,-7.462165 0.559745,-3.099019 1.017718,-5.700667 1.017718,-5.78144 0,-0.08077 1.778442,-0.985727 3.952093,-2.01101 5.51068,-2.599317 5.45415,-2.68809 3.39817,5.335744 -0.86985,3.394752 -1.76445,6.392656 -1.98799,6.66201 -0.41084,0.495031 -6.120767,3.483021 -6.655912,3.483021 -0.159213,0 -0.391251,-0.101772 -0.515638,-0.22616 z m 130.29625,-7.119234 c -4.32765,-1.759205 -4.27017,-1.890087 2.642,-6.016268 l 5.61035,-3.349065 3.97317,1.864368 c 2.9043,1.362817 3.97317,2.028259 3.97317,2.47358 0,0.776127 -10.68038,6.224777 -12.21263,6.230337 -0.55974,0.002 -2.35347,-0.539297 -3.98606,-1.202952 z m -117.06591,0.673683 c -0.41547,-0.415468 -0.23515,-1.439365 1.14028,-6.474949 2.01262,-7.368425 1.47101,-6.63505 5.9632,-8.074568 3.77156,-1.208593 4.88371,-1.303341 4.88229,-0.415939 -10e-4,0.641377 -4.03302,11.854543 -4.43814,12.342684 -0.3797,0.457508 -6.1477,2.848932 -6.87149,2.848932 -0.24749,0 -0.55175,-0.101772 -0.67614,-0.22616 z M 210.6455,21.8085 c -4.07296,-1.35668 -4.0064,-1.542465 2.19231,-6.119414 2.8115,-2.075934 5.30029,-3.773019 5.53063,-3.7713 0.9764,0.0073 7.82145,2.650658 8.08544,3.122376 0.38405,0.686253 0.0789,0.925126 -5.90675,4.624549 -5.70044,3.52312 -5.73695,3.531024 -9.90163,2.143789 z m -89.59644,0.139111 c -0.16911,-0.440707 3.02998,-9.275833 4.15122,-11.464662 0.60738,-1.18569 0.95551,-1.3417262 5.13958,-2.3036231 3.17813,-0.7306373 3.53394,-0.7541069 4.02271,-0.2653379 0.48877,0.4887691 0.28211,1.0601241 -2.33643,6.459513 -1.57994,3.257824 -3.04609,6.030527 -3.25811,6.161562 -0.65394,0.404154 -5.9402,1.88137 -6.75951,1.888905 -0.42566,0.0039 -0.85742,-0.210446 -0.95946,-0.476357 z m 75.68762,-3.549863 c -4.42172,-0.822708 -4.34503,-1.131319 1.59478,-6.417494 2.55637,-2.2750573 4.90987,-4.1364675 5.23,-4.1364675 1.02523,0 7.4072,1.7825678 7.85979,2.1953465 0.24008,0.218961 0.34594,0.616037 0.23524,0.88239 -0.36766,0.884637 -10.31745,8.11924 -11.11347,8.080732 -0.41425,-0.02004 -2.12711,-0.292068 -3.80634,-0.604507 z m -61.427,-0.149055 c -0.16278,-0.424198 4.90819,-11.1836526 5.59423,-11.8696917 0.17527,-0.1752704 2.1233,-0.5858182 4.32895,-0.9123284 3.81592,-0.5648824 4.85838,-0.490556 4.85838,0.3463967 0,0.3305346 -6.04529,10.4879734 -6.69215,11.2443094 -0.28903,0.337949 -1.65808,0.778927 -3.42503,1.103219 -3.58072,0.657177 -4.43978,0.673402 -4.66438,0.08809 z M 182.319,16.282935 c -4.79531,-0.55233 -4.87464,-0.310087 2.80903,-8.5775025 l 2.49323,-2.6826505 4.04885,0.6042017 c 3.83719,0.5726165 4.89695,0.9121051 4.89695,1.568718 0,0.2790507 -2.91666,3.1319063 -7.53953,7.3746093 -2.49288,2.287883 -2.25078,2.226076 -6.70853,1.712624 z m -32.567,-0.6469 c 0,-1.016401 6.2766,-11.0904751 7.04957,-11.3147056 1.03833,-0.3012113 8.03271,-0.3669168 8.49377,-0.079791 0.24595,0.1531648 0.35854,0.5094702 0.2502,0.7917899 -0.25775,0.671683 -7.17072,10.0729427 -7.77666,10.5758267 -0.25666,0.21301 -2.16545,0.484489 -4.24177,0.603287 l -3.77511,0.215997 z m 14.81346,-0.215899 c -0.58154,-0.581545 6.8e-4,-1.673107 2.91181,-5.4591203 1.72588,-2.2445611 3.45684,-4.5130534 3.84659,-5.041094 0.77989,-1.056626 1.20135,-1.093847 6.98553,-0.6169204 3.93621,0.3245556 3.95525,0.2574347 -1.91813,6.7627237 -4.4947,4.978282 -3.80214,4.580571 -7.97645,4.580571 -1.99275,0 -3.72496,-0.101772 -3.84935,-0.22616 z"
     id="path1" /><text
     xml:space="preserve"
     style="font-size:21.3333px;font-family:Geneva;-inkscape-font-specification:Geneva;text-align:center;writing-mode:lr-tb;direction:ltr;text-anchor:middle;fill:#000000"
     x="167.0256"
     y="258.04385"
     id="text1"><tspan
       id="tspan1"
       x="167.0256"
       y="258.04385"
       style="font-size:21.3333px">No. 00000</tspan></text><path
     id="path2"
     style="fill:none;stroke:none;stroke-width:1.39302"
     d="M 171.6849,17.703412 A 151.16669,151.16669 0 0 0 16.512964,164.7558 151.16669,151.16669 0 0 0 163.56536,319.92774 151.16669,151.16669 0 0 0 318.73729,172.87535 151.16669,151.16669 0 0 0 171.6849,17.703412 Z" /></svg>
